0.00216061	0.757453	0.0158738	0.0138429	
0.000337824	0.100828	0.0022406	0.00127129	
3.11781e-05	0.0386545	0.000182669	0.000510601	
2.10041e-05	0.00641244	5.40518e-05	0.000441542	
1.41034e-05	0.0908254	2.10484e-05	0.000283557	
9.18095e-06	0.0244931	8.24647e-06	0.0001823	
5.75409e-06	0.00323299	2.60862e-06	0.000115304	
3.84188e-06	0.00265556	1.60995e-06	7.64462e-05	
2.43111e-06	0.00390745	1.03194e-06	4.96543e-05	
1.62305e-06	0.00714181	6.8435e-07	3.31175e-05	
1.11519e-06	0.00141186	4.65614e-07	2.24176e-05	
7.35316e-07	0.000804183	3.06759e-07	1.47767e-05	
4.77829e-07	0.000580954	2.02943e-07	9.54006e-06	
3.21349e-07	0.000428339	1.33649e-07	6.35056e-06	
2.13914e-07	0.000337608	9.08561e-08	4.2029e-06	
1.48609e-07	0.000254288	5.90275e-08	2.84716e-06	
1.01029e-07	0.000194984	3.99442e-08	1.93051e-06	
6.48123e-08	0.000158421	2.72311e-08	1.23038e-06	
4.22744e-08	0.000111456	1.91584e-08	7.89872e-07	
2.82899e-08	8.13578e-05	3.20917e-08	5.12763e-07	
1.87517e-08	5.57963e-05	3.25156e-08	3.22534e-07	
6.20668e-08	3.62232e-05	2.90116e-07	1.42054e-06	
9.1046e-09	2.98733e-06	2.43909e-08	1.5757e-07	
4.45876e-09	1.16033e-06	1.15881e-08	5.36402e-08	
2.56357e-09	1.22068e-06	8.64261e-09	2.55274e-08	
1.84914e-09	1.13522e-06	9.52381e-09	2.23174e-08	
1.31342e-09	1.17068e-06	1.04002e-08	2.16552e-08	
9.06047e-10	3.10556e-09	1.14168e-08	1.29734e-08	
9.47548e-10	3.08679e-09	1.34846e-08	1.14424e-08	
1.45147e-09	1.13419e-06	1.45516e-08	2.25281e-08	
1.08551e-09	1.09029e-06	1.41189e-08	1.70197e-08	
1.0106e-09	3.34035e-09	1.45666e-08	1.24399e-08	
1.30133e-09	3.52376e-09	1.50418e-08	1.72289e-08	
1.59168e-09	1.3536e-06	1.65408e-08	2.10986e-08	
1.28427e-09	3.49434e-09	1.48751e-08	1.71954e-08	
1.01573e-09	3.43269e-09	1.44902e-08	1.25586e-08	
1.36366e-09	1.10179e-06	1.48979e-08	2.09167e-08	
1.00581e-09	3.55921e-09	1.45271e-08	1.21016e-08	
1.02951e-09	3.45489e-09	1.45515e-08	1.26756e-08	
1.27019e-09	3.43712e-09	1.48933e-08	1.70036e-08	
1.20731e-09	1.20249e-06	1.46293e-08	1.9201e-08	
1.28567e-09	3.56809e-09	1.49329e-08	1.70958e-08	
1.01767e-09	3.50368e-09	1.45143e-08	1.24922e-08	
1.01976e-09	3.43692e-09	1.45149e-08	1.25613e-08	
1.01669e-09	3.42652e-09	1.45044e-08	1.25755e-08	
1.3152e-09	3.52534e-09	1.49729e-08	1.7749e-08	
1.18604e-09	1.17337e-06	1.45854e-08	1.86215e-08	
1.29218e-09	3.48473e-09	1.4934e-08	1.7341e-08	
1.28057e-09	3.47795e-09	1.49029e-08	1.71125e-08	
1.01491e-09	3.40905e-09	1.44897e-08	1.26073e-08	
1.31295e-09	3.50492e-09	1.49774e-08	1.77357e-08	
1.30447e-09	3.54794e-09	1.496e-08	1.74836e-08	
1.00749e-09	3.47828e-09	1.44903e-08	1.23011e-08	
1.14459e-09	1.12107e-06	1.4498e-08	1.7954e-08	
1.02706e-09	3.43726e-09	1.4521e-08	1.26612e-08	
1.18323e-09	1.19413e-06	1.45595e-08	1.88517e-08	
1.18375e-09	1.1612e-06	1.45784e-08	1.86624e-08	
1.29343e-09	3.61859e-09	1.49568e-08	1.71543e-08	
1.27947e-09	3.5506e-09	1.49273e-08	1.69197e-08	
1.31683e-09	3.52763e-09	1.49809e-08	1.77879e-08	
1.30205e-09	3.50468e-09	1.49497e-08	1.7518e-08	
1.12266e-09	1.07993e-06	1.4474e-08	1.73496e-08	
0.00216061	0.757453	0.0158738	0.0138429	
0.000337824	0.100828	0.0022406	0.00127129	
3.11781e-05	0.0386545	0.000182669	0.000510601	
2.10041e-05	0.00641244	5.40518e-05	0.000441542	
1.41034e-05	0.0908254	2.10484e-05	0.000283557	
9.18095e-06	0.0244931	8.24647e-06	0.0001823	
5.75409e-06	0.00323299	2.60862e-06	0.000115304	
3.84188e-06	0.00265556	1.60995e-06	7.64462e-05	
2.43111e-06	0.00390745	1.03194e-06	4.96543e-05	
1.62305e-06	0.00714181	6.8435e-07	3.31175e-05	
1.11519e-06	0.00141186	4.65614e-07	2.24176e-05	
7.35316e-07	0.000804183	3.06759e-07	1.47767e-05	
4.77829e-07	0.000580954	2.02943e-07	9.54006e-06	
3.21349e-07	0.000428339	1.33649e-07	6.35056e-06	
2.13914e-07	0.000337608	9.08561e-08	4.2029e-06	
1.48609e-07	0.000254288	5.90275e-08	2.84716e-06	
1.01029e-07	0.000194984	3.99442e-08	1.93051e-06	
6.48123e-08	0.000158421	2.72311e-08	1.23038e-06	
4.22744e-08	0.000111456	1.91584e-08	7.89872e-07	
2.82899e-08	8.13578e-05	3.20917e-08	5.12763e-07	
1.87517e-08	5.57963e-05	3.25156e-08	3.22534e-07	
6.20668e-08	3.62232e-05	2.90116e-07	1.42054e-06	
9.1046e-09	2.98733e-06	2.43909e-08	1.5757e-07	
4.45876e-09	1.16033e-06	1.15881e-08	5.36402e-08	
2.56357e-09	1.22068e-06	8.64261e-09	2.55274e-08	
1.84914e-09	1.13522e-06	9.52381e-09	2.23174e-08	
1.31342e-09	1.17068e-06	1.04002e-08	2.16552e-08	
9.06047e-10	3.10556e-09	1.14168e-08	1.29734e-08	
9.47548e-10	3.08679e-09	1.34846e-08	1.14424e-08	
1.45147e-09	1.13419e-06	1.45516e-08	2.25281e-08	
1.08551e-09	1.09029e-06	1.41189e-08	1.70197e-08	
1.0106e-09	3.34035e-09	1.45666e-08	1.24399e-08	
1.30133e-09	3.52376e-09	1.50418e-08	1.72289e-08	
1.59168e-09	1.3536e-06	1.65408e-08	2.10986e-08	
1.28427e-09	3.49434e-09	1.48751e-08	1.71954e-08	
1.01573e-09	3.43269e-09	1.44902e-08	1.25586e-08	
1.36366e-09	1.10179e-06	1.48979e-08	2.09167e-08	
1.00581e-09	3.55921e-09	1.45271e-08	1.21016e-08	
1.02951e-09	3.45489e-09	1.45515e-08	1.26756e-08	
1.27019e-09	3.43712e-09	1.48933e-08	1.70036e-08	
1.20731e-09	1.20249e-06	1.46293e-08	1.9201e-08	
1.28567e-09	3.56809e-09	1.49329e-08	1.70958e-08	
1.01767e-09	3.50368e-09	1.45143e-08	1.24922e-08	
1.01976e-09	3.43692e-09	1.45149e-08	1.25613e-08	
1.01669e-09	3.42652e-09	1.45044e-08	1.25755e-08	
1.3152e-09	3.52534e-09	1.49729e-08	1.7749e-08	
1.18604e-09	1.17337e-06	1.45854e-08	1.86215e-08	
1.29218e-09	3.48473e-09	1.4934e-08	1.7341e-08	
1.28057e-09	3.47795e-09	1.49029e-08	1.71125e-08	
1.01491e-09	3.40905e-09	1.44897e-08	1.26073e-08	
1.31295e-09	3.50492e-09	1.49774e-08	1.77357e-08	
1.30447e-09	3.54794e-09	1.496e-08	1.74836e-08	
1.00749e-09	3.47828e-09	1.44903e-08	1.23011e-08	
1.14459e-09	1.12107e-06	1.4498e-08	1.7954e-08	
1.02706e-09	3.43726e-09	1.4521e-08	1.26612e-08	
1.18323e-09	1.19413e-06	1.45595e-08	1.88517e-08	
1.18375e-09	1.1612e-06	1.45784e-08	1.86624e-08	
1.29343e-09	3.61859e-09	1.49568e-08	1.71543e-08	
1.27947e-09	3.5506e-09	1.49273e-08	1.69197e-08	
1.31683e-09	3.52763e-09	1.49809e-08	1.77879e-08	
1.30205e-09	3.50468e-09	1.49497e-08	1.7518e-08	
1.12266e-09	1.07993e-06	1.4474e-08	1.73496e-08	
1.02015e-09	3.49208e-09	1.45245e-08	1.24566e-08	
1.02281e-09	3.46553e-09	1.45089e-08	1.26111e-08	
1.03505e-09	3.45178e-09	1.4542e-08	1.27754e-08	
1.04029e-09	3.43033e-09	1.45539e-08	1.29477e-08	
1.37982e-09	1.06647e-06	1.49181e-08	2.10546e-08	
1.28046e-09	3.5555e-09	1.49134e-08	1.69709e-08	
1.42617e-09	1.14464e-06	1.4995e-08	2.21436e-08	
1.31527e-09	3.53325e-09	1.49937e-08	1.75959e-08	
9.94826e-10	3.39969e-09	1.44416e-08	1.22371e-08	
1.16346e-09	1.19932e-06	1.45175e-08	1.8553e-08	
1.16384e-09	1.17259e-06	1.45341e-08	1.84086e-08	
1.03196e-09	3.48656e-09	1.45219e-08	1.27349e-08	
1.04408e-09	3.48262e-09	1.45586e-08	1.29201e-08	
1.40553e-09	1.16941e-06	1.49503e-08	2.1912e-08	
1.28116e-09	3.48612e-09	1.49048e-08	1.70419e-08	
1.03264e-09	3.52813e-09	1.454e-08	1.26586e-08	
1.41483e-09	1.13333e-06	1.49783e-08	2.19263e-08	
1.29417e-09	3.48198e-09	1.49287e-08	1.73951e-08	
1.00745e-09	3.45774e-09	1.448e-08	1.24049e-08	
1.16702e-09	1.18679e-06	1.45219e-08	1.86085e-08	
1.02827e-09	3.46272e-09	1.45235e-08	1.27056e-08	
1.41825e-09	1.16582e-06	1.49634e-08	2.21051e-08	
1.39967e-09	1.13205e-06	1.4935e-08	2.16736e-08	
1.02368e-09	3.54722e-09	1.45333e-08	1.2439e-08	
1.13897e-09	1.06768e-06	1.4518e-08	1.75527e-08	
1.14244e-09	1.04468e-06	1.45275e-08	1.74658e-08	
1.41296e-09	1.16154e-06	1.49544e-08	2.2008e-08	
1.29015e-09	3.54714e-09	1.49287e-08	1.71997e-08	
1.15997e-09	1.14876e-06	1.45267e-08	1.82571e-08	
1.16035e-09	1.11098e-06	1.45477e-08	1.79487e-08	
1.16324e-09	1.08493e-06	1.45519e-08	1.79226e-08	
1.30222e-09	3.52367e-09	1.49656e-08	1.73562e-08	
1.05434e-09	3.4289e-09	1.45749e-08	1.31549e-08	
1.45079e-09	1.21405e-06	1.50236e-08	2.27633e-08	
1.31592e-09	3.54912e-09	1.49877e-08	1.77284e-08	
1.12192e-09	1.10628e-06	1.4452e-08	1.7593e-08	
1.00293e-09	3.44971e-09	1.44618e-08	1.23253e-08	
1.03106e-09	3.55198e-09	1.45525e-08	1.24965e-08	
