61	21	0
1200
0
0		2.37152e-322	1.4	1	0.0024888				0				-6				6				1578.88
1		2.37152e-322	1.4	1	0.0024888				0				-6				6				1578.88
2		2.37152e-322	1.4	1	0.0024888				0				-6				6				1578.88
3		2.37152e-322	1.4	1	0.0024888				0				-6				6				1578.88
4		2.37152e-322	1.4	1	0.0024888				0				-6				6				1578.88
5		2.37152e-322	1.4	1	0.0024888				0				-6				6				1578.88
6		2.37152e-322	1.4	1	0.0024888				0				-6				6				1578.88
7		2.37152e-322	1.4	1	0.0024888				0				-6				6				1578.88
8		2.37152e-322	1.4	1	0.0024888				0				-6				6				1578.88
9		2.37152e-322	1.4	1	0.0024888				0				-6				6				1578.88
10		2.37152e-322	1.4	1	0.0024888				0				-6				6				1578.88
11		2.37152e-322	1.4	1	0.0024888				0				-6				6				1578.88
12		2.37152e-322	1.4	1	0.0024888				0				-6				6				1578.88
13		2.37152e-322	1.4	1	0.0024888				0				-6				6				1578.88
14		2.37152e-322	1.4	1	0.0024888				0				-6				6				1578.88
15		2.37152e-322	1.4	1	0.0024888				0				-6				6				1578.88
16		2.37152e-322	1.4	1	0.0024888				0				-6				6				1578.88
17		2.37152e-322	1.4	1	0.0024888				0				-6				6				1578.88
18		2.37152e-322	1.4	1	0.0024888				0				-6				6				1578.88
19		2.37152e-322	1.4	1	0.0024888				0				-6				6				1578.88
20		2.37152e-322	1.4	1	0.0024888				0				-6				6				1578.88
21		2.37152e-322	1.4	1	0.0024888				0				-6				6				1578.88
22		2.37152e-322	1.4	1	0.0024888				0				-6				6				1578.88
23		2.37152e-322	1.4	1	0.0024888				0				-6				6				1578.88
24		2.37152e-322	1.4	1	0.0024888				0				-6				6				1578.88
25		2.37152e-322	1.4	1	0.0024888				0				-6				6				1578.88
26		2.37152e-322	1.4	1	0.0024888				0				-6				6				1578.88
27		2.37152e-322	1.4	1	0.0024888				0				-6				6				1578.88
28		2.37152e-322	1.4	1	0.0024888				0				-6				6				1578.88
29		2.37152e-322	1.4	1	0.0024888				0				-6				6				1578.88
30		2.37152e-322	1.4	1	0.0024888				0				-6				6				1578.88
31		2.37152e-322	1.4	1	0.0024888				0				-6				6				1578.88
32		2.37152e-322	1.4	1	0.0024888				0				-6				6				1578.88
33		2.37152e-322	1.4	1	0.0024888				0				-6				6				1578.88
34		2.37152e-322	1.4	1	0.0024888				0				-6				6				1578.88
35		2.37152e-322	1.4	1	0.0024888				0				-6				6				1578.88
36		2.37152e-322	1.4	1	0.0024888				0				-6				6				1578.88
37		2.37152e-322	1.4	1	0.0024888				0				-6				6				1578.88
38		2.37152e-322	1.4	1	0.0024888				0				-6				6				1578.88
39		2.37152e-322	1.4	1	0.0024888				0				-6				6				1578.88
40		2.37152e-322	1.4	1	0.0024888				0				-6				6				1578.88
41		2.37152e-322	1.4	1	0.0024888				0				-6				6				1578.88
42		2.37152e-322	1.4	1	0.0024888				0				-6				6				1578.88
43		2.37152e-322	1.4	1	0.0024888				0				-6				6				1578.88
44		2.37152e-322	1.4	1	0.0024888				0				-6				6				1578.88
45		2.37152e-322	1.4	1	0.0024888				0				-6				6				1578.88
46		2.37152e-322	1.4	1	0.0024888				0				-6				6				1578.88
47		2.37152e-322	1.4	1	0.0024888				0				-6				6				1578.88
48		2.37152e-322	1.4	1	0.0024888				0				-6				6				1578.88
49		2.37152e-322	1.4	1	0.0024888				0				-6				6				1578.88
50		2.37152e-322	1.4	1	0.0024888				0				-6				6				1578.88
51		2.37152e-322	1.4	1	0.0024888				0				-6				6				1578.88
52		2.37152e-322	1.4	1	0.0024888				0				-6				6				1578.88
53		2.37152e-322	1.4	1	0.0024888				0				-6				6				1578.88
54		2.37152e-322	1.4	1	0.0024888				0				-6				6				1578.88
55		2.37152e-322	1.4	1	0.0024888				0				-6				6				1578.88
56		2.37152e-322	1.4	1	0.0024888				0				-6				6				1578.88
57		2.37152e-322	1.4	1	0.0024888				0				-6				6				1578.88
58		2.37152e-322	1.4	1	0.0024888				0				-6				6				1578.88
59		2.37152e-322	1.4	1	0.0024888				0				-6				6				1578.88
60		2.37152e-322	1.4	1	0.0024888				0				-6				6				1578.88
61		2.37152e-322	1.4	1	0.0024888				0				-6				6				1578.88
62		2.37152e-322	1.4	1	0.0024888				0				-6				6				1578.88
63		2.37152e-322	1.4	1	0.0024888				0				-6				6				1578.88
64		2.37152e-322	1.4	1	0.0024888				0				-6				6				1578.88
65		2.37152e-322	1.4	1	0.0024888				0				-6				6				1578.88
66		2.37152e-322	1.4	1	0.0024888				0				-6				6				1578.88
67		2.37152e-322	1.4	1	0.0024888				0				-6				6				1578.88
68		2.37152e-322	1.4	1	0.0024888				0				-6				6				1578.88
69		2.37152e-322	1.4	1	0.0024888				0				-6				6				1578.88
70		2.37152e-322	1.4	1	0.0024888				0				-6				6				1578.88
71		2.37152e-322	1.4	1	0.0024888				0				-6				6				1578.88
72		2.37152e-322	1.4	1	0.0024888				0				-6				6				1578.88
73		2.37152e-322	1.4	1	0.0024888				0				-6				6				1578.88
74		2.37152e-322	1.4	1	0.0024888				0				-6				6				1578.88
75		2.37152e-322	1.4	1	0.0024888				0				-6				6				1578.88
76		2.37152e-322	1.4	1	0.0024888				0				-6				6				1578.88
77		2.37152e-322	1.4	1	0.0024888				0				-6				6				1578.88
78		2.37152e-322	1.4	1	0.0024888				0				-6				6				1578.88
79		2.37152e-322	1.4	1	0.0024888				0				-6				6				1578.88
80		2.37152e-322	1.4	1	0.0024888				0				-6				6				1578.88
81		2.37152e-322	1.4	1	0.0024888				0				-6				6				1578.88
82		2.37152e-322	1.4	1	0.0024888				0				-6				6				1578.88
83		2.37152e-322	1.4	1	0.0024888				0				-6				6				1578.88
84		2.37152e-322	1.4	1	0.0024888				0				-6				6				1578.88
85		2.37152e-322	1.4	1	0.0024888				0				-6				6				1578.88
86		2.37152e-322	1.4	1	0.0024888				0				-6				6				1578.88
87		2.37152e-322	1.4	1	0.0024888				0				-6				6				1578.88
88		2.37152e-322	1.4	1	0.0024888				0				-6				6				1578.88
89		2.37152e-322	1.4	1	0.0024888				0				-6				6				1578.88
90		2.37152e-322	1.4	1	0.0024888				0				-6				6				1578.88
91		2.37152e-322	1.4	1	0.0024888				0				-6				6				1578.88
92		2.37152e-322	1.4	1	0.0024888				0				-6				6				1578.88
93		2.37152e-322	1.4	1	0.0024888				0				-6				6				1578.88
94		2.37152e-322	1.4	1	0.0024888				0				-6				6				1578.88
95		2.37152e-322	1.4	1	0.0024888				0				-6				6				1578.88
96		2.37152e-322	1.4	1	0.0024888				0				-6				6				1578.88
97		2.37152e-322	1.4	1	0.0024888				0				-6				6				1578.88
98		2.37152e-322	1.4	1	0.0024888				0				-6				6				1578.88
99		2.37152e-322	1.4	1	0.0024888				0				-6				6				1578.88
100		2.37152e-322	1.4	1	0.0024888				0				-6				6				1578.88
101		2.37152e-322	1.4	1	0.0024888				0				-6				6				1578.88
102		2.37152e-322	1.4	1	0.0024888				0				-6				6				1578.88
103		2.37152e-322	1.4	1	0.0024888				0				-6				6				1578.88
104		2.37152e-322	1.4	1	0.0024888				0				-6				6				1578.88
105		2.37152e-322	1.4	1	0.0024888				0				-6				6				1578.88
106		2.37152e-322	1.4	1	0.0024888				0				-6				6				1578.88
107		2.37152e-322	1.4	1	0.0024888				0				-6				6				1578.88
108		2.37152e-322	1.4	1	0.0024888				0				-6				6				1578.88
109		2.37152e-322	1.4	1	0.0024888				0				-6				6				1578.88
110		2.37152e-322	1.4	1	0.0024888				0				-6				6				1578.88
111		2.37152e-322	1.4	1	0.0024888				0				-6				6				1578.88
112		2.37152e-322	1.4	1	0.0024888				0				-6				6				1578.88
113		2.37152e-322	1.4	1	0.0024888				0				-6				6				1578.88
114		2.37152e-322	1.4	1	0.0024888				0				-6				6				1578.88
115		2.37152e-322	1.4	1	0.0024888				0				-6				6				1578.88
116		2.37152e-322	1.4	1	0.0024888				0				-6				6				1578.88
117		2.37152e-322	1.4	1	0.0024888				0				-6				6				1578.88
118		2.37152e-322	1.4	1	0.0024888				0				-6				6				1578.88
119		2.37152e-322	1.4	1	0.0024888				0				-6				6				1578.88
120		2.37152e-322	1.4	1	0.0024888				0				-6				6				1578.88
121		2.37152e-322	1.4	1	0.0024888				0				-6				6				1578.88
122		2.37152e-322	1.4	1	0.0024888				0				-6				6				1578.88
123		2.37152e-322	1.4	1	0.0024888				0				-6				6				1578.88
124		2.37152e-322	1.4	1	0.0024888				0				-6				6				1578.88
125		2.37152e-322	1.4	1	0.0024888				0				-6				6				1578.88
126		2.37152e-322	1.4	1	0.0024888				0				-6				6				1578.88
127		2.37152e-322	1.4	1	0.0024888				0				-6				6				1578.88
128		2.37152e-322	1.4	1	0.0024888				0				-6				6				1578.88
129		2.37152e-322	1.4	1	0.0024888				0				-6				6				1578.88
130		2.37152e-322	1.4	1	0.0024888				0				-6				6				1578.88
131		2.37152e-322	1.4	1	0.0024888				0				-6				6				1578.88
132		2.37152e-322	1.4	1	0.0024888				0				-6				6				1578.88
133		2.37152e-322	1.4	1	0.0024888				0				-6				6				1578.88
134		2.37152e-322	1.4	1	0.0024888				0				-6				6				1578.88
135		2.37152e-322	1.4	1	0.0024888				0				-6				6				1578.88
136		2.37152e-322	1.4	1	0.0024888				0				-6				6				1578.88
137		2.37152e-322	1.4	1	0.0024888				0				-6				6				1578.88
138		2.37152e-322	1.4	1	0.0024888				0				-6				6				1578.88
139		2.37152e-322	1.4	1	0.0024888				0				-6				6				1578.88
140		2.37152e-322	1.4	1	0.0024888				0				-6				6				1578.88
141		2.37152e-322	1.4	1	0.0024888				0				-6				6				1578.88
142		2.37152e-322	1.4	1	0.0024888				0				-6				6				1578.88
143		2.37152e-322	1.4	1	0.0024888				0				-6				6				1578.88
144		2.37152e-322	1.4	1	0.0024888				0				-6				6				1578.88
145		2.37152e-322	1.4	1	0.0024888				0				-6				6				1578.88
146		2.37152e-322	1.4	1	0.0024888				0				-6				6				1578.88
147		2.37152e-322	1.4	1	0.0024888				0				-6				6				1578.88
148		2.37152e-322	1.4	1	0.0024888				0				-6				6				1578.88
149		2.37152e-322	1.4	1	0.0024888				0				-6				6				1578.88
150		2.37152e-322	1.4	1	0.0024888				0				-6				6				1578.88
151		2.37152e-322	1.4	1	0.0024888				0				-6				6				1578.88
152		2.37152e-322	1.4	1	0.0024888				0				-6				6				1578.88
153		2.37152e-322	1.4	1	0.0024888				0				-6				6				1578.88
154		2.37152e-322	1.4	1	0.0024888				0				-6				6				1578.88
155		2.37152e-322	1.4	1	0.0024888				0				-6				6				1578.88
156		2.37152e-322	1.4	1	0.0024888				0				-6				6				1578.88
157		2.37152e-322	1.4	1	0.0024888				0				-6				6				1578.88
158		2.37152e-322	1.4	1	0.0024888				0				-6				6				1578.88
159		2.37152e-322	1.4	1	0.0024888				0				-6				6				1578.88
160		2.37152e-322	1.4	1	0.0024888				0				-6				6				1578.88
161		2.37152e-322	1.4	1	0.0024888				0				-6				6				1578.88
162		2.37152e-322	1.4	1	0.0024888				0				-6				6				1578.88
163		2.37152e-322	1.4	1	0.0024888				0				-6				6				1578.88
164		2.37152e-322	1.4	1	0.0024888				0				-6				6				1578.88
165		2.37152e-322	1.4	1	0.0024888				0				-6				6				1578.88
166		2.37152e-322	1.4	1	0.0024888				0				-6				6				1578.88
167		2.37152e-322	1.4	1	0.0024888				0				-6				6				1578.88
168		2.37152e-322	1.4	1	0.0024888				0				-6				6				1578.88
169		2.37152e-322	1.4	1	0.0024888				0				-6				6				1578.88
170		2.37152e-322	1.4	1	0.0024888				0				-6				6				1578.88
171		2.37152e-322	1.4	1	0.0024888				0				-6				6				1578.88
172		2.37152e-322	1.4	1	0.0024888				0				-6				6				1578.88
173		2.37152e-322	1.4	1	0.0024888				0				-6				6				1578.88
174		2.37152e-322	1.4	1	0.0024888				0				-6				6				1578.88
175		2.37152e-322	1.4	1	0.0024888				0				-6				6				1578.88
176		2.37152e-322	1.4	1	0.0024888				0				-6				6				1578.88
177		2.37152e-322	1.4	1	0.0024888				0				-6				6				1578.88
178		2.37152e-322	1.4	1	0.0024888				0				-6				6				1578.88
179		2.37152e-322	1.4	1	0.0024888				0				-6				6				1578.88
180		2.37152e-322	1.4	1	0.0024888				0				-6				6				1578.88
181		2.37152e-322	1.4	1	0.0024888				0				-6				6				1578.88
182		2.37152e-322	1.4	1	0.0024888				0				-6				6				1578.88
183		2.37152e-322	1.4	1	0.0024888				0				-6				6				1578.88
184		2.37152e-322	1.4	1	0.0024888				0				-6				6				1578.88
185		2.37152e-322	1.4	1	0.0024888				0				-6				6				1578.88
186		2.37152e-322	1.4	1	0.0024888				0				-6				6				1578.88
187		2.37152e-322	1.4	1	0.0024888				0				-6				6				1578.88
188		2.37152e-322	1.4	1	0.0024888				0				-6				6				1578.88
189		2.37152e-322	1.4	1	0.0024888				0				-6				6				1578.88
190		2.37152e-322	1.4	1	0.0024888				0				-6				6				1578.88
191		2.37152e-322	1.4	1	0.0024888				0				-6				6				1578.88
192		2.37152e-322	1.4	1	0.0024888				0				-6				6				1578.88
193		2.37152e-322	1.4	1	0.0024888				0				-6				6				1578.88
194		2.37152e-322	1.4	1	0.0024888				0				-6				6				1578.88
195		2.37152e-322	1.4	1	0.0024888				0				-6				6				1578.88
196		2.37152e-322	1.4	1	0.0024888				0				-6				6				1578.88
197		2.37152e-322	1.4	1	0.0024888				0				-6				6				1578.88
198		2.37152e-322	1.4	1	0.0024888				0				-6				6				1578.88
199		2.37152e-322	1.4	1	0.0024888				0				-6				6				1578.88
200		2.37152e-322	1.4	1	0.0024888				0				-6				6				1578.88
201		2.37152e-322	1.4	1	0.0024888				0				-6				6				1578.88
202		2.37152e-322	1.4	1	0.0024888				0				-6				6				1578.88
203		2.37152e-322	1.4	1	0.0024888				0				-6				6				1578.88
204		2.37152e-322	1.4	1	0.0024888				0				-6				6				1578.88
205		2.37152e-322	1.4	1	0.0024888				0				-6				6				1578.88
206		2.37152e-322	1.4	1	0.0024888				0				-6				6				1578.88
207		2.37152e-322	1.4	1	0.0024888				0				-6				6				1578.88
208		2.37152e-322	1.4	1	0.0024888				0				-6				6				1578.88
209		2.37152e-322	1.4	1	0.0024888				0				-6				6				1578.88
210		2.37152e-322	1.4	1	0.0024888				0				-6				6				1578.88
211		2.37152e-322	1.4	1	0.0024888				0				-6				6				1578.88
212		2.37152e-322	1.4	1	0.0024888				0				-6				6				1578.88
213		2.37152e-322	1.4	1	0.0024888				0				-6				6				1578.88
214		2.37152e-322	1.4	1	0.0024888				0				-6				6				1578.88
215		2.37152e-322	1.4	1	0.0024888				0				-6				6				1578.88
216		2.37152e-322	1.4	1	0.0024888				0				-6				6				1578.88
217		2.37152e-322	1.4	1	0.0024888				0				-6				6				1578.88
218		2.37152e-322	1.4	1	0.0024888				0				-6				6				1578.88
219		2.37152e-322	1.4	1	0.0024888				0				-6				6				1578.88
220		2.37152e-322	1.4	1	0.0024888				0				-6				6				1578.88
221		2.37152e-322	1.4	1	0.0024888				0				-6				6				1578.88
222		2.37152e-322	1.4	1	0.0024888				0				-6				6				1578.88
223		2.37152e-322	1.4	1	0.0024888				0				-6				6				1578.88
224		2.37152e-322	1.4	1	0.0024888				0				-6				6				1578.88
225		2.37152e-322	1.4	1	0.0024888				0				-6				6				1578.88
226		2.37152e-322	1.4	1	0.0024888				0				-6				6				1578.88
227		2.37152e-322	1.4	1	0.0024888				0				-6				6				1578.88
228		2.37152e-322	1.4	1	0.0024888				0				-6				6				1578.88
229		2.37152e-322	1.4	1	0.0024888				0				-6				6				1578.88
230		2.37152e-322	1.4	1	0.0024888				0				-6				6				1578.88
231		2.37152e-322	1.4	1	0.0024888				0				-6				6				1578.88
232		2.37152e-322	1.4	1	0.0024888				0				-6				6				1578.88
233		2.37152e-322	1.4	1	0.0024888				0				-6				6				1578.88
234		2.37152e-322	1.4	1	0.0024888				0				-6				6				1578.88
235		2.37152e-322	1.4	1	0.0024888				0				-6				6				1578.88
236		2.37152e-322	1.4	1	0.0024888				0				-6				6				1578.88
237		2.37152e-322	1.4	1	0.0024888				0				-6				6				1578.88
238		2.37152e-322	1.4	1	0.0024888				0				-6				6				1578.88
239		2.37152e-322	1.4	1	0.0024888				0				-6				6				1578.88
240		2.37152e-322	1.4	1	0.0024888				0				-6				6				1578.88
241		2.37152e-322	1.4	1	0.0024888				0				-6				6				1578.88
242		2.37152e-322	1.4	1	0.0024888				0				-6				6				1578.88
243		2.37152e-322	1.4	1	0.0024888				0				-6				6				1578.88
244		2.37152e-322	1.4	1	0.0024888				0				-6				6				1578.88
245		2.37152e-322	1.4	1	0.0024888				0				-6				6				1578.88
246		2.37152e-322	1.4	1	0.0024888				0				-6				6				1578.88
247		2.37152e-322	1.4	1	0.0024888				0				-6				6				1578.88
248		2.37152e-322	1.4	1	0.0024888				0				-6				6				1578.88
249		2.37152e-322	1.4	1	0.0024888				0				-6				6				1578.88
250		2.37152e-322	1.4	1	0.0024888				0				-6				6				1578.88
251		2.37152e-322	1.4	1	0.0024888				0				-6				6				1578.88
252		2.37152e-322	1.4	1	0.0024888				0				-6				6				1578.88
253		2.37152e-322	1.4	1	0.0024888				0				-6				6				1578.88
254		2.37152e-322	1.4	1	0.0024888				0				-6				6				1578.88
255		2.37152e-322	1.4	1	0.0024888				0				-6				6				1578.88
256		2.37152e-322	1.4	1	0.0024888				0				-6				6				1578.88
257		2.37152e-322	1.4	1	0.0024888				0				-6				6				1578.88
258		2.37152e-322	1.4	1	0.0024888				0				-6				6				1578.88
259		2.37152e-322	1.4	1	0.0024888				0				-6				6				1578.88
260		2.37152e-322	1.4	1	0.0024888				0				-6				6				1578.88
261		2.37152e-322	1.4	1	0.0024888				0				-6				6				1578.88
262		2.37152e-322	1.4	1	0.0024888				0				-6				6				1578.88
263		2.37152e-322	1.4	1	0.0024888				0				-6				6				1578.88
264		2.37152e-322	1.4	1	0.0024888				0				-6				6				1578.88
265		2.37152e-322	1.4	1	0.0024888				0				-6				6				1578.88
266		2.37152e-322	1.4	1	0.0024888				0				-6				6				1578.88
267		2.37152e-322	1.4	1	0.0024888				0				-6				6				1578.88
268		2.37152e-322	1.4	1	0.0024888				0				-6				6				1578.88
269		2.37152e-322	1.4	1	0.0024888				0				-6				6				1578.88
270		2.37152e-322	1.4	1	0.0024888				0				-6				6				1578.88
271		2.37152e-322	1.4	1	0.0024888				0				-6				6				1578.88
272		2.37152e-322	1.4	1	0.0024888				0				-6				6				1578.88
273		2.37152e-322	1.4	1	0.0024888				0				-6				6				1578.88
274		2.37152e-322	1.4	1	0.0024888				0				-6				6				1578.88
275		2.37152e-322	1.4	1	0.0024888				0				-6				6				1578.88
276		2.37152e-322	1.4	1	0.0024888				0				-6				6				1578.88
277		2.37152e-322	1.4	1	0.0024888				0				-6				6				1578.88
278		2.37152e-322	1.4	1	0.0024888				0				-6				6				1578.88
279		2.37152e-322	1.4	1	0.0024888				0				-6				6				1578.88
280		2.37152e-322	1.4	1	0.0024888				0				-6				6				1578.88
281		2.37152e-322	1.4	1	0.0024888				0				-6				6				1578.88
282		2.37152e-322	1.4	1	0.0024888				0				-6				6				1578.88
283		2.37152e-322	1.4	1	0.0024888				0				-6				6				1578.88
284		2.37152e-322	1.4	1	0.0024888				0				-6				6				1578.88
285		2.37152e-322	1.4	1	0.0024888				0				-6				6				1578.88
286		2.37152e-322	1.4	1	0.0024888				0				-6				6				1578.88
287		2.37152e-322	1.4	1	0.0024888				0				-6				6				1578.88
288		2.37152e-322	1.4	1	0.0024888				0				-6				6				1578.88
289		2.37152e-322	1.4	1	0.0024888				0				-6				6				1578.88
290		2.37152e-322	1.4	1	0.0024888				0				-6				6				1578.88
291		2.37152e-322	1.4	1	0.0024888				0				-6				6				1578.88
292		2.37152e-322	1.4	1	0.0024888				0				-6				6				1578.88
293		2.37152e-322	1.4	1	0.0024888				0				-6				6				1578.88
294		2.37152e-322	1.4	1	0.0024888				0				-6				6				1578.88
295		2.37152e-322	1.4	1	0.0024888				0				-6				6				1578.88
296		2.37152e-322	1.4	1	0.0024888				0				-6				6				1578.88
297		2.37152e-322	1.4	1	0.0024888				0				-6				6				1578.88
298		2.37152e-322	1.4	1	0.0024888				0				-6				6				1578.88
299		2.37152e-322	1.4	1	0.0024888				0				-6				6				1578.88
300		2.37152e-322	1.4	1	0.0024888				0				-6				6				1578.88
301		2.37152e-322	1.4	1	0.0024888				0				-6				6				1578.88
302		2.37152e-322	1.4	1	0.0024888				0				-6				6				1578.88
303		2.37152e-322	1.4	1	0.0024888				0				-6				6				1578.88
304		2.37152e-322	1.4	1	0.0024888				0				-6				6				1578.88
305		2.37152e-322	1.4	1	0.0024888				0				-6				6				1578.88
306		2.37152e-322	1.4	1	0.0024888				0				-6				6				1578.88
307		2.37152e-322	1.4	1	0.0024888				0				-6				6				1578.88
308		2.37152e-322	1.4	1	0.0024888				0				-6				6				1578.88
309		2.37152e-322	1.4	1	0.0024888				0				-6				6				1578.88
310		2.37152e-322	1.4	1	0.0024888				0				-6				6				1578.88
311		2.37152e-322	1.4	1	0.0024888				0				-6				6				1578.88
312		2.37152e-322	1.4	1	0.0024888				0				-6				6				1578.88
313		2.37152e-322	1.4	1	0.0024888				0				-6				6				1578.88
314		2.37152e-322	1.4	1	0.0024888				0				-6				6				1578.88
315		2.37152e-322	1.4	1	0.0024888				0				-6				6				1578.88
316		2.37152e-322	1.4	1	0.0024888				0				-6				6				1578.88
317		2.37152e-322	1.4	1	0.0024888				0				-6				6				1578.88
318		2.37152e-322	1.4	1	0.0024888				0				-6				6				1578.88
319		2.37152e-322	1.4	1	0.0024888				0				-6				6				1578.88
320		2.37152e-322	1.4	1	0.0024888				0				-6				6				1578.88
321		2.37152e-322	1.4	1	0.0024888				0				-6				6				1578.88
322		2.37152e-322	1.4	1	0.0024888				0				-6				6				1578.88
323		2.37152e-322	1.4	1	0.0024888				0				-6				6				1578.88
324		2.37152e-322	1.4	1	0.0024888				0				-6				6				1578.88
325		2.37152e-322	1.4	1	0.0024888				0				-6				6				1578.88
326		2.37152e-322	1.4	1	0.0024888				0				-6				6				1578.88
327		2.37152e-322	1.4	1	0.0024888				0				-6				6				1578.88
328		2.37152e-322	1.4	1	0.0024888				0				-6				6				1578.88
329		2.37152e-322	1.4	1	0.0024888				0				-6				6				1578.88
330		2.37152e-322	1.4	1	0.0024888				0				-6				6				1578.88
331		2.37152e-322	1.4	1	0.0024888				0				-6				6				1578.88
332		2.37152e-322	1.4	1	0.0024888				0				-6				6				1578.88
333		2.37152e-322	1.4	1	0.0024888				0				-6				6				1578.88
334		2.37152e-322	1.4	1	0.0024888				0				-6				6				1578.88
335		2.37152e-322	1.4	1	0.0024888				0				-6				6				1578.88
336		2.37152e-322	1.4	1	0.0024888				0				-6				6				1578.88
337		2.37152e-322	1.4	1	0.0024888				0				-6				6				1578.88
338		2.37152e-322	1.4	1	0.0024888				0				-6				6				1578.88
339		2.37152e-322	1.4	1	0.0024888				0				-6				6				1578.88
340		2.37152e-322	1.4	1	0.0024888				0				-6				6				1578.88
341		2.37152e-322	1.4	1	0.0024888				0				-6				6				1578.88
342		2.37152e-322	1.4	1	0.0024888				0				-6				6				1578.88
343		2.37152e-322	1.4	1	0.0024888				0				-6				6				1578.88
344		2.37152e-322	1.4	1	0.0024888				0				-6				6				1578.88
345		2.37152e-322	1.4	1	0.0024888				0				-6				6				1578.88
346		2.37152e-322	1.4	1	0.0024888				0				-6				6				1578.88
347		2.37152e-322	1.4	1	0.0024888				0				-6				6				1578.88
348		2.37152e-322	1.4	1	0.0024888				0				-6				6				1578.88
349		2.37152e-322	1.4	1	0.0024888				0				-6				6				1578.88
350		2.37152e-322	1.4	1	0.0024888				0				-6				6				1578.88
351		2.37152e-322	1.4	1	0.0024888				0				-6				6				1578.88
352		2.37152e-322	1.4	1	0.0024888				0				-6				6				1578.88
353		2.37152e-322	1.4	1	0.0024888				0				-6				6				1578.88
354		2.37152e-322	1.4	1	0.0024888				0				-6				6				1578.88
355		2.37152e-322	1.4	1	0.0024888				0				-6				6				1578.88
356		2.37152e-322	1.4	1	0.0024888				0				-6				6				1578.88
357		2.37152e-322	1.4	1	0.0024888				0				-6				6				1578.88
358		2.37152e-322	1.4	1	0.0024888				0				-6				6				1578.88
359		2.37152e-322	1.4	1	0.0024888				0				-6				6				1578.88
360		2.37152e-322	1.4	1	0.0024888				0				-6				6				1578.88
361		2.37152e-322	1.4	1	0.0024888				0				-6				6				1578.88
362		2.37152e-322	1.4	1	0.0024888				0				-6				6				1578.88
363		2.37152e-322	1.4	1	0.0024888				0				-6				6				1578.88
364		2.37152e-322	1.4	1	0.0024888				0				-6				6				1578.88
365		2.37152e-322	1.4	1	0.0024888				0				-6				6				1578.88
366		2.37152e-322	1.4	1	0.0024888				0				-6				6				1578.88
367		2.37152e-322	1.4	1	0.0024888				0				-6				6				1578.88
368		2.37152e-322	1.4	1	0.0024888				0				-6				6				1578.88
369		2.37152e-322	1.4	1	0.0024888				0				-6				6				1578.88
370		2.37152e-322	1.4	1	0.0024888				0				-6				6				1578.88
371		2.37152e-322	1.4	1	0.0024888				0				-6				6				1578.88
372		2.37152e-322	1.4	1	0.0024888				0				-6				6				1578.88
373		2.37152e-322	1.4	1	0.0024888				0				-6				6				1578.88
374		2.37152e-322	1.4	1	0.0024888				0				-6				6				1578.88
375		2.37152e-322	1.4	1	0.0024888				0				-6				6				1578.88
376		2.37152e-322	1.4	1	0.0024888				0				-6				6				1578.88
377		2.37152e-322	1.4	1	0.0024888				0				-6				6				1578.88
378		2.37152e-322	1.4	1	0.0024888				0				-6				6				1578.88
379		2.37152e-322	1.4	1	0.0024888				0				-6				6				1578.88
380		2.37152e-322	1.4	1	0.0024888				0				-6				6				1578.88
381		2.37152e-322	1.4	1	0.0024888				0				-6				6				1578.88
382		2.37152e-322	1.4	1	0.0024888				0				-6				6				1578.88
383		2.37152e-322	1.4	1	0.0024888				0				-6				6				1578.88
384		2.37152e-322	1.4	1	0.0024888				0				-6				6				1578.88
385		2.37152e-322	1.4	1	0.0024888				0				-6				6				1578.88
386		2.37152e-322	1.4	1	0.0024888				0				-6				6				1578.88
387		2.37152e-322	1.4	1	0.0024888				0				-6				6				1578.88
388		2.37152e-322	1.4	1	0.0024888				0				-6				6				1578.88
389		2.37152e-322	1.4	1	0.0024888				0				-6				6				1578.88
390		2.37152e-322	1.4	1	0.0024888				0				-6				6				1578.88
391		2.37152e-322	1.4	1	0.0024888				0				-6				6				1578.88
392		2.37152e-322	1.4	1	0.0024888				0				-6				6				1578.88
393		2.37152e-322	1.4	1	0.0024888				0				-6				6				1578.88
394		2.37152e-322	1.4	1	0.0024888				0				-6				6				1578.88
395		2.37152e-322	1.4	1	0.0024888				0				-6				6				1578.88
396		2.37152e-322	1.4	1	0.0024888				0				-6				6				1578.88
397		2.37152e-322	1.4	1	0.0024888				0				-6				6				1578.88
398		2.37152e-322	1.4	1	0.0024888				0				-6				6				1578.88
399		2.37152e-322	1.4	1	0.0024888				0				-6				6				1578.88
400		2.37152e-322	1.4	1	0.0024888				0				-6				6				1578.88
401		2.37152e-322	1.4	1	0.0024888				0				-6				6				1578.88
402		2.37152e-322	1.4	1	0.0024888				0				-6				6				1578.88
403		2.37152e-322	1.4	1	0.0024888				0				-6				6				1578.88
404		2.37152e-322	1.4	1	0.0024888				0				-6				6				1578.88
405		2.37152e-322	1.4	1	0.0024888				0				-6				6				1578.88
406		2.37152e-322	1.4	1	0.0024888				0				-6				6				1578.88
407		2.37152e-322	1.4	1	0.0024888				0				-6				6				1578.88
408		2.37152e-322	1.4	1	0.0024888				0				-6				6				1578.88
409		2.37152e-322	1.4	1	0.0024888				0				-6				6				1578.88
410		2.37152e-322	1.4	1	0.0024888				0				-6				6				1578.88
411		2.37152e-322	1.4	1	0.0024888				0				-6				6				1578.88
412		2.37152e-322	1.4	1	0.0024888				0				-6				6				1578.88
413		2.37152e-322	1.4	1	0.0024888				0				-6				6				1578.88
414		2.37152e-322	1.4	1	0.0024888				0				-6				6				1578.88
415		2.37152e-322	1.4	1	0.0024888				0				-6				6				1578.88
416		2.37152e-322	1.4	1	0.0024888				0				-6				6				1578.88
417		2.37152e-322	1.4	1	0.0024888				0				-6				6				1578.88
418		2.37152e-322	1.4	1	0.0024888				0				-6				6				1578.88
419		2.37152e-322	1.4	1	0.0024888				0				-6				6				1578.88
420		2.37152e-322	1.4	1	0.0024888				0				-6				6				1578.88
421		2.37152e-322	1.4	1	0.0024888				0				-6				6				1578.88
422		2.37152e-322	1.4	1	0.0024888				0				-6				6				1578.88
423		2.37152e-322	1.4	1	0.0024888				0				-6				6				1578.88
424		2.37152e-322	1.4	1	0.0024888				0				-6				6				1578.88
425		2.37152e-322	1.4	1	0.0024888				0				-6				6				1578.88
426		2.37152e-322	1.4	1	0.0024888				0				-6				6				1578.88
427		2.37152e-322	1.4	1	0.0024888				0				-6				6				1578.88
428		2.37152e-322	1.4	1	0.0024888				0				-6				6				1578.88
429		2.37152e-322	1.4	1	0.0024888				0				-6				6				1578.88
430		2.37152e-322	1.4	1	0.0024888				0				-6				6				1578.88
431		2.37152e-322	1.4	1	0.0024888				0				-6				6				1578.88
432		2.37152e-322	1.4	1	0.0024888				0				-6				6				1578.88
433		2.37152e-322	1.4	1	0.0024888				0				-6				6				1578.88
434		2.37152e-322	1.4	1	0.0024888				0				-6				6				1578.88
435		2.37152e-322	1.4	1	0.0024888				0				-6				6				1578.88
436		2.37152e-322	1.4	1	0.0024888				0				-6				6				1578.88
437		2.37152e-322	1.4	1	0.0024888				0				-6				6				1578.88
438		2.37152e-322	1.4	1	0.0024888				0				-6				6				1578.88
439		2.37152e-322	1.4	1	0.0024888				0				-6				6				1578.88
440		2.37152e-322	1.4	1	0.0024888				0				-6				6				1578.88
441		2.37152e-322	1.4	1	0.0024888				0				-6				6				1578.88
442		2.37152e-322	1.4	1	0.0024888				0				-6				6				1578.88
443		2.37152e-322	1.4	1	0.0024888				0				-6				6				1578.88
444		2.37152e-322	1.4	1	0.0024888				0				-6				6				1578.88
445		2.37152e-322	1.4	1	0.0024888				0				-6				6				1578.88
446		2.37152e-322	1.4	1	0.0024888				0				-6				6				1578.88
447		2.37152e-322	1.4	1	0.0024888				0				-6				6				1578.88
448		2.37152e-322	1.4	1	0.0024888				0				-6				6				1578.88
449		2.37152e-322	1.4	1	0.0024888				0				-6				6				1578.88
450		2.37152e-322	1.4	1	0.0024888				0				-6				6				1578.88
451		2.37152e-322	1.4	1	0.0024888				0				-6				6				1578.88
452		2.37152e-322	1.4	1	0.0024888				0				-6				6				1578.88
453		2.37152e-322	1.4	1	0.0024888				0				-6				6				1578.88
454		2.37152e-322	1.4	1	0.0024888				0				-6				6				1578.88
455		2.37152e-322	1.4	1	0.0024888				0				-6				6				1578.88
456		2.37152e-322	1.4	1	0.0024888				0				-6				6				1578.88
457		2.37152e-322	1.4	1	0.0024888				0				-6				6				1578.88
458		2.37152e-322	1.4	1	0.0024888				0				-6				6				1578.88
459		2.37152e-322	1.4	1	0.0024888				0				-6				6				1578.88
460		2.37152e-322	1.4	1	0.0024888				0				-6				6				1578.88
461		2.37152e-322	1.4	1	0.0024888				0				-6				6				1578.88
462		2.37152e-322	1.4	1	0.0024888				0				-6				6				1578.88
463		2.37152e-322	1.4	1	0.0024888				0				-6				6				1578.88
464		2.37152e-322	1.4	1	0.0024888				0				-6				6				1578.88
465		2.37152e-322	1.4	1	0.0024888				0				-6				6				1578.88
466		2.37152e-322	1.4	1	0.0024888				0				-6				6				1578.88
467		2.37152e-322	1.4	1	0.0024888				0				-6				6				1578.88
468		2.37152e-322	1.4	1	0.0024888				0				-6				6				1578.88
469		2.37152e-322	1.4	1	0.0024888				0				-6				6				1578.88
470		2.37152e-322	1.4	1	0.0024888				0				-6				6				1578.88
471		2.37152e-322	1.4	1	0.0024888				0				-6				6				1578.88
472		2.37152e-322	1.4	1	0.0024888				0				-6				6				1578.88
473		2.37152e-322	1.4	1	0.0024888				0				-6				6				1578.88
474		2.37152e-322	1.4	1	0.0024888				0				-6				6				1578.88
475		2.37152e-322	1.4	1	0.0024888				0				-6				6				1578.88
476		2.37152e-322	1.4	1	0.0024888				0				-6				6				1578.88
477		2.37152e-322	1.4	1	0.0024888				0				-6				6				1578.88
478		2.37152e-322	1.4	1	0.0024888				0				-6				6				1578.88
479		2.37152e-322	1.4	1	0.0024888				0				-6				6				1578.88
480		2.37152e-322	1.4	1	0.0024888				0				-6				6				1578.88
481		2.37152e-322	1.4	1	0.0024888				0				-6				6				1578.88
482		2.37152e-322	1.4	1	0.0024888				0				-6				6				1578.88
483		2.37152e-322	1.4	1	0.0024888				0				-6				6				1578.88
484		2.37152e-322	1.4	1	0.0024888				0				-6				6				1578.88
485		2.37152e-322	1.4	1	0.0024888				0				-6				6				1578.88
486		2.37152e-322	1.4	1	0.0024888				0				-6				6				1578.88
487		2.37152e-322	1.4	1	0.0024888				0				-6				6				1578.88
488		2.37152e-322	1.4	1	0.0024888				0				-6				6				1578.88
489		2.37152e-322	1.4	1	0.0024888				0				-6				6				1578.88
490		2.37152e-322	1.4	1	0.0024888				0				-6				6				1578.88
491		2.37152e-322	1.4	1	0.0024888				0				-6				6				1578.88
492		2.37152e-322	1.4	1	0.0024888				0				-6				6				1578.88
493		2.37152e-322	1.4	1	0.0024888				0				-6				6				1578.88
494		2.37152e-322	1.4	1	0.0024888				0				-6				6				1578.88
495		2.37152e-322	1.4	1	0.0024888				0				-6				6				1578.88
496		2.37152e-322	1.4	1	0.0024888				0				-6				6				1578.88
497		2.37152e-322	1.4	1	0.0024888				0				-6				6				1578.88
498		2.37152e-322	1.4	1	0.0024888				0				-6				6				1578.88
499		2.37152e-322	1.4	1	0.0024888				0				-6				6				1578.88
500		2.37152e-322	1.4	1	0.0024888				0				-6				6				1578.88
501		2.37152e-322	1.4	1	0.0024888				0				-6				6				1578.88
502		2.37152e-322	1.4	1	0.0024888				0				-6				6				1578.88
503		2.37152e-322	1.4	1	0.0024888				0				-6				6				1578.88
504		2.37152e-322	1.4	1	0.0024888				0				-6				6				1578.88
505		2.37152e-322	1.4	1	0.0024888				0				-6				6				1578.88
506		2.37152e-322	1.4	1	0.0024888				0				-6				6				1578.88
507		2.37152e-322	1.4	1	0.0024888				0				-6				6				1578.88
508		2.37152e-322	1.4	1	0.0024888				0				-6				6				1578.88
509		2.37152e-322	1.4	1	0.0024888				0				-6				6				1578.88
510		2.37152e-322	1.4	1	0.0024888				0				-6				6				1578.88
511		2.37152e-322	1.4	1	0.0024888				0				-6				6				1578.88
512		2.37152e-322	1.4	1	0.0024888				0				-6				6				1578.88
513		2.37152e-322	1.4	1	0.0024888				0				-6				6				1578.88
514		2.37152e-322	1.4	1	0.0024888				0				-6				6				1578.88
515		2.37152e-322	1.4	1	0.0024888				0				-6				6				1578.88
516		2.37152e-322	1.4	1	0.0024888				0				-6				6				1578.88
517		2.37152e-322	1.4	1	0.0024888				0				-6				6				1578.88
518		2.37152e-322	1.4	1	0.0024888				0				-6				6				1578.88
519		2.37152e-322	1.4	1	0.0024888				0				-6				6				1578.88
520		2.37152e-322	1.4	1	0.0024888				0				-6				6				1578.88
521		2.37152e-322	1.4	1	0.0024888				0				-6				6				1578.88
522		2.37152e-322	1.4	1	0.0024888				0				-6				6				1578.88
523		2.37152e-322	1.4	1	0.0024888				0				-6				6				1578.88
524		2.37152e-322	1.4	1	0.0024888				0				-6				6				1578.88
525		2.37152e-322	1.4	1	0.0024888				0				-6				6				1578.88
526		2.37152e-322	1.4	1	0.0024888				0				-6				6				1578.88
527		2.37152e-322	1.4	1	0.0024888				0				-6				6				1578.88
528		2.37152e-322	1.4	1	0.0024888				0				-6				6				1578.88
529		2.37152e-322	1.4	1	0.0024888				0				-6				6				1578.88
530		2.37152e-322	1.4	1	0.0024888				0				-6				6				1578.88
531		2.37152e-322	1.4	1	0.0024888				0				-6				6				1578.88
532		2.37152e-322	1.4	1	0.0024888				0				-6				6				1578.88
533		2.37152e-322	1.4	1	0.0024888				0				-6				6				1578.88
534		2.37152e-322	1.4	1	0.0024888				0				-6				6				1578.88
535		2.37152e-322	1.4	1	0.0024888				0				-6				6				1578.88
536		2.37152e-322	1.4	1	0.0024888				0				-6				6				1578.88
537		2.37152e-322	1.4	1	0.0024888				0				-6				6				1578.88
538		2.37152e-322	1.4	1	0.0024888				0				-6				6				1578.88
539		2.37152e-322	1.4	1	0.0024888				0				-6				6				1578.88
540		2.37152e-322	1.4	1	0.0024888				0				-6				6				1578.88
541		2.37152e-322	1.4	1	0.0024888				0				-6				6				1578.88
542		2.37152e-322	1.4	1	0.0024888				0				-6				6				1578.88
543		2.37152e-322	1.4	1	0.0024888				0				-6				6				1578.88
544		2.37152e-322	1.4	1	0.0024888				0				-6				6				1578.88
545		2.37152e-322	1.4	1	0.0024888				0				-6				6				1578.88
546		2.37152e-322	1.4	1	0.0024888				0				-6				6				1578.88
547		2.37152e-322	1.4	1	0.0024888				0				-6				6				1578.88
548		2.37152e-322	1.4	1	0.0024888				0				-6				6				1578.88
549		2.37152e-322	1.4	1	0.0024888				0				-6				6				1578.88
550		2.37152e-322	1.4	1	0.0024888				0				-6				6				1578.88
551		2.37152e-322	1.4	1	0.0024888				0				-6				6				1578.88
552		2.37152e-322	1.4	1	0.0024888				0				-6				6				1578.88
553		2.37152e-322	1.4	1	0.0024888				0				-6				6				1578.88
554		2.37152e-322	1.4	1	0.0024888				0				-6				6				1578.88
555		2.37152e-322	1.4	1	0.0024888				0				-6				6				1578.88
556		2.37152e-322	1.4	1	0.0024888				0				-6				6				1578.88
557		2.37152e-322	1.4	1	0.0024888				0				-6				6				1578.88
558		2.37152e-322	1.4	1	0.0024888				0				-6				6				1578.88
559		2.37152e-322	1.4	1	0.0024888				0				-6				6				1578.88
560		2.37152e-322	1.4	1	0.0024888				0				-6				6				1578.88
561		2.37152e-322	1.4	1	0.0024888				0				-6				6				1578.88
562		2.37152e-322	1.4	1	0.0024888				0				-6				6				1578.88
563		2.37152e-322	1.4	1	0.0024888				0				-6				6				1578.88
564		2.37152e-322	1.4	1	0.0024888				0				-6				6				1578.88
565		2.37152e-322	1.4	1	0.0024888				0				-6				6				1578.88
566		2.37152e-322	1.4	1	0.0024888				0				-6				6				1578.88
567		2.37152e-322	1.4	1	0.0024888				0				-6				6				1578.88
568		2.37152e-322	1.4	1	0.0024888				0				-6				6				1578.88
569		2.37152e-322	1.4	1	0.0024888				0				-6				6				1578.88
570		2.37152e-322	1.4	1	0.0024888				0				-6				6				1578.88
571		2.37152e-322	1.4	1	0.0024888				0				-6				6				1578.88
572		2.37152e-322	1.4	1	0.0024888				0				-6				6				1578.88
573		2.37152e-322	1.4	1	0.0024888				0				-6				6				1578.88
574		2.37152e-322	1.4	1	0.0024888				0				-6				6				1578.88
575		2.37152e-322	1.4	1	0.0024888				0				-6				6				1578.88
576		2.37152e-322	1.4	1	0.0024888				0				-6				6				1578.88
577		2.37152e-322	1.4	1	0.0024888				0				-6				6				1578.88
578		2.37152e-322	1.4	1	0.0024888				0				-6				6				1578.88
579		2.37152e-322	1.4	1	0.0024888				0				-6				6				1578.88
580		2.37152e-322	1.4	1	0.0024888				0				-6				6				1578.88
581		2.37152e-322	1.4	1	0.0024888				0				-6				6				1578.88
582		2.37152e-322	1.4	1	0.0024888				0				-6				6				1578.88
583		2.37152e-322	1.4	1	0.0024888				0				-6				6				1578.88
584		2.37152e-322	1.4	1	0.0024888				0				-6				6				1578.88
585		2.37152e-322	1.4	1	0.0024888				0				-6				6				1578.88
586		2.37152e-322	1.4	1	0.0024888				0				-6				6				1578.88
587		2.37152e-322	1.4	1	0.0024888				0				-6				6				1578.88
588		2.37152e-322	1.4	1	0.0024888				0				-6				6				1578.88
589		2.37152e-322	1.4	1	0.0024888				0				-6				6				1578.88
590		2.37152e-322	1.4	1	0.0024888				0				-6				6				1578.88
591		2.37152e-322	1.4	1	0.0024888				0				-6				6				1578.88
592		2.37152e-322	1.4	1	0.0024888				0				-6				6				1578.88
593		2.37152e-322	1.4	1	0.0024888				0				-6				6				1578.88
594		2.37152e-322	1.4	1	0.0024888				0				-6				6				1578.88
595		2.37152e-322	1.4	1	0.0024888				0				-6				6				1578.88
596		2.37152e-322	1.4	1	0.0024888				0				-6				6				1578.88
597		2.37152e-322	1.4	1	0.0024888				0				-6				6				1578.88
598		2.37152e-322	1.4	1	0.0024888				0				-6				6				1578.88
599		2.37152e-322	1.4	1	0.0024888				0				-6				6				1578.88
600		2.37152e-322	1.4	1	0.0024888				0				-6				6				1578.88
601		2.37152e-322	1.4	1	0.0024888				0				-6				6				1578.88
602		2.37152e-322	1.4	1	0.0024888				0				-6				6				1578.88
603		2.37152e-322	1.4	1	0.0024888				0				-6				6				1578.88
604		2.37152e-322	1.4	1	0.0024888				0				-6				6				1578.88
605		2.37152e-322	1.4	1	0.0024888				0				-6				6				1578.88
606		2.37152e-322	1.4	1	0.0024888				0				-6				6				1578.88
607		2.37152e-322	1.4	1	0.0024888				0				-6				6				1578.88
608		2.37152e-322	1.4	1	0.0024888				0				-6				6				1578.88
609		2.37152e-322	1.4	1	0.0024888				0				-6				6				1578.88
610		2.37152e-322	1.4	1	0.0024888				0				-6				6				1578.88
611		2.37152e-322	1.4	1	0.0024888				0				-6				6				1578.88
612		2.37152e-322	1.4	1	0.0024888				0				-6				6				1578.88
613		2.37152e-322	1.4	1	0.0024888				0				-6				6				1578.88
614		2.37152e-322	1.4	1	0.0024888				0				-6				6				1578.88
615		2.37152e-322	1.4	1	0.0024888				0				-6				6				1578.88
616		2.37152e-322	1.4	1	0.0024888				0				-6				6				1578.88
617		2.37152e-322	1.4	1	0.0024888				0				-6				6				1578.88
618		2.37152e-322	1.4	1	0.0024888				0				-6				6				1578.88
619		2.37152e-322	1.4	1	0.0024888				0				-6				6				1578.88
620		2.37152e-322	1.4	1	0.0024888				0				-6				6				1578.88
621		2.37152e-322	1.4	1	0.0024888				0				-6				6				1578.88
622		2.37152e-322	1.4	1	0.0024888				0				-6				6				1578.88
623		2.37152e-322	1.4	1	0.0024888				0				-6				6				1578.88
624		2.37152e-322	1.4	1	0.0024888				0				-6				6				1578.88
625		2.37152e-322	1.4	1	0.0024888				0				-6				6				1578.88
626		2.37152e-322	1.4	1	0.0024888				0				-6				6				1578.88
627		2.37152e-322	1.4	1	0.0024888				0				-6				6				1578.88
628		2.37152e-322	1.4	1	0.0024888				0				-6				6				1578.88
629		2.37152e-322	1.4	1	0.0024888				0				-6				6				1578.88
630		2.37152e-322	1.4	1	0.0024888				0				-6				6				1578.88
631		2.37152e-322	1.4	1	0.0024888				0				-6				6				1578.88
632		2.37152e-322	1.4	1	0.0024888				0				-6				6				1578.88
633		2.37152e-322	1.4	1	0.0024888				0				-6				6				1578.88
634		2.37152e-322	1.4	1	0.0024888				0				-6				6				1578.88
635		2.37152e-322	1.4	1	0.0024888				0				-6				6				1578.88
636		2.37152e-322	1.4	1	0.0024888				0				-6				6				1578.88
637		2.37152e-322	1.4	1	0.0024888				0				-6				6				1578.88
638		2.37152e-322	1.4	1	0.0024888				0				-6				6				1578.88
639		2.37152e-322	1.4	1	0.0024888				0				-6				6				1578.88
640		2.37152e-322	1.4	1	0.0024888				0				-6				6				1578.88
641		2.37152e-322	1.4	1	0.0024888				0				-6				6				1578.88
642		2.37152e-322	1.4	1	0.0024888				0				-6				6				1578.88
643		2.37152e-322	1.4	1	0.0024888				0				-6				6				1578.88
644		2.37152e-322	1.4	1	0.0024888				0				-6				6				1578.88
645		2.37152e-322	1.4	1	0.0024888				0				-6				6				1578.88
646		2.37152e-322	1.4	1	0.0024888				0				-6				6				1578.88
647		2.37152e-322	1.4	1	0.0024888				0				-6				6				1578.88
648		2.37152e-322	1.4	1	0.0024888				0				-6				6				1578.88
649		2.37152e-322	1.4	1	0.0024888				0				-6				6				1578.88
650		2.37152e-322	1.4	1	0.0024888				0				-6				6				1578.88
651		2.37152e-322	1.4	1	0.0024888				0				-6				6				1578.88
652		2.37152e-322	1.4	1	0.0024888				0				-6				6				1578.88
653		2.37152e-322	1.4	1	0.0024888				0				-6				6				1578.88
654		2.37152e-322	1.4	1	0.0024888				0				-6				6				1578.88
655		2.37152e-322	1.4	1	0.0024888				0				-6				6				1578.88
656		2.37152e-322	1.4	1	0.0024888				0				-6				6				1578.88
657		2.37152e-322	1.4	1	0.0024888				0				-6				6				1578.88
658		2.37152e-322	1.4	1	0.0024888				0				-6				6				1578.88
659		2.37152e-322	1.4	1	0.0024888				0				-6				6				1578.88
660		2.37152e-322	1.4	1	0.0024888				0				-6				6				1578.88
661		2.37152e-322	1.4	1	0.0024888				0				-6				6				1578.88
662		2.37152e-322	1.4	1	0.0024888				0				-6				6				1578.88
663		2.37152e-322	1.4	1	0.0024888				0				-6				6				1578.88
664		2.37152e-322	1.4	1	0.0024888				0				-6				6				1578.88
665		2.37152e-322	1.4	1	0.0024888				0				-6				6				1578.88
666		2.37152e-322	1.4	1	0.0024888				0				-6				6				1578.88
667		2.37152e-322	1.4	1	0.0024888				0				-6				6				1578.88
668		2.37152e-322	1.4	1	0.0024888				0				-6				6				1578.88
669		2.37152e-322	1.4	1	0.0024888				0				-6				6				1578.88
670		2.37152e-322	1.4	1	0.0024888				0				-6				6				1578.88
671		2.37152e-322	1.4	1	0.0024888				0				-6				6				1578.88
672		2.37152e-322	1.4	1	0.0024888				0				-6				6				1578.88
673		2.37152e-322	1.4	1	0.0024888				0				-6				6				1578.88
674		2.37152e-322	1.4	1	0.0024888				0				-6				6				1578.88
675		2.37152e-322	1.4	1	0.0024888				0				-6				6				1578.88
676		2.37152e-322	1.4	1	0.0024888				0				-6				6				1578.88
677		2.37152e-322	1.4	1	0.0024888				0				-6				6				1578.88
678		2.37152e-322	1.4	1	0.0024888				0				-6				6				1578.88
679		2.37152e-322	1.4	1	0.0024888				0				-6				6				1578.88
680		2.37152e-322	1.4	1	0.0024888				0				-6				6				1578.88
681		2.37152e-322	1.4	1	0.0024888				0				-6				6				1578.88
682		2.37152e-322	1.4	1	0.0024888				0				-6				6				1578.88
683		2.37152e-322	1.4	1	0.0024888				0				-6				6				1578.88
684		2.37152e-322	1.4	1	0.0024888				0				-6				6				1578.88
685		2.37152e-322	1.4	1	0.0024888				0				-6				6				1578.88
686		2.37152e-322	1.4	1	0.0024888				0				-6				6				1578.88
687		2.37152e-322	1.4	1	0.0024888				0				-6				6				1578.88
688		2.37152e-322	1.4	1	0.0024888				0				-6				6				1578.88
689		2.37152e-322	1.4	1	0.0024888				0				-6				6				1578.88
690		2.37152e-322	1.4	1	0.0024888				0				-6				6				1578.88
691		2.37152e-322	1.4	1	0.0024888				0				-6				6				1578.88
692		2.37152e-322	1.4	1	0.0024888				0				-6				6				1578.88
693		2.37152e-322	1.4	1	0.0024888				0				-6				6				1578.88
694		2.37152e-322	1.4	1	0.0024888				0				-6				6				1578.88
695		2.37152e-322	1.4	1	0.0024888				0				-6				6				1578.88
696		2.37152e-322	1.4	1	0.0024888				0				-6				6				1578.88
697		2.37152e-322	1.4	1	0.0024888				0				-6				6				1578.88
698		2.37152e-322	1.4	1	0.0024888				0				-6				6				1578.88
699		2.37152e-322	1.4	1	0.0024888				0				-6				6				1578.88
700		2.37152e-322	1.4	1	0.0024888				0				-6				6				1578.88
701		2.37152e-322	1.4	1	0.0024888				0				-6				6				1578.88
702		2.37152e-322	1.4	1	0.0024888				0				-6				6				1578.88
703		2.37152e-322	1.4	1	0.0024888				0				-6				6				1578.88
704		2.37152e-322	1.4	1	0.0024888				0				-6				6				1578.88
705		2.37152e-322	1.4	1	0.0024888				0				-6				6				1578.88
706		2.37152e-322	1.4	1	0.0024888				0				-6				6				1578.88
707		2.37152e-322	1.4	1	0.0024888				0				-6				6				1578.88
708		2.37152e-322	1.4	1	0.0024888				0				-6				6				1578.88
709		2.37152e-322	1.4	1	0.0024888				0				-6				6				1578.88
710		2.37152e-322	1.4	1	0.0024888				0				-6				6				1578.88
711		2.37152e-322	1.4	1	0.0024888				0				-6				6				1578.88
712		2.37152e-322	1.4	1	0.0024888				0				-6				6				1578.88
713		2.37152e-322	1.4	1	0.0024888				0				-6				6				1578.88
714		2.37152e-322	1.4	1	0.0024888				0				-6				6				1578.88
715		2.37152e-322	1.4	1	0.0024888				0				-6				6				1578.88
716		2.37152e-322	1.4	1	0.0024888				0				-6				6				1578.88
717		2.37152e-322	1.4	1	0.0024888				0				-6				6				1578.88
718		2.37152e-322	1.4	1	0.0024888				0				-6				6				1578.88
719		2.37152e-322	1.4	1	0.0024888				0				-6				6				1578.88
720		2.37152e-322	1.4	1	0.0024888				0				-6				6				1578.88
721		2.37152e-322	1.4	1	0.0024888				0				-6				6				1578.88
722		2.37152e-322	1.4	1	0.0024888				0				-6				6				1578.88
723		2.37152e-322	1.4	1	0.0024888				0				-6				6				1578.88
724		2.37152e-322	1.4	1	0.0024888				0				-6				6				1578.88
725		2.37152e-322	1.4	1	0.0024888				0				-6				6				1578.88
726		2.37152e-322	1.4	1	0.0024888				0				-6				6				1578.88
727		2.37152e-322	1.4	1	0.0024888				0				-6				6				1578.88
728		2.37152e-322	1.4	1	0.0024888				0				-6				6				1578.88
729		2.37152e-322	1.4	1	0.0024888				0				-6				6				1578.88
730		2.37152e-322	1.4	1	0.0024888				0				-6				6				1578.88
731		2.37152e-322	1.4	1	0.0024888				0				-6				6				1578.88
732		2.37152e-322	1.4	1	0.0024888				0				-6				6				1578.88
733		2.37152e-322	1.4	1	0.0024888				0				-6				6				1578.88
734		2.37152e-322	1.4	1	0.0024888				0				-6				6				1578.88
735		2.37152e-322	1.4	1	0.0024888				0				-6				6				1578.88
736		2.37152e-322	1.4	1	0.0024888				0				-6				6				1578.88
737		2.37152e-322	1.4	1	0.0024888				0				-6				6				1578.88
738		2.37152e-322	1.4	1	0.0024888				0				-6				6				1578.88
739		2.37152e-322	1.4	1	0.0024888				0				-6				6				1578.88
740		2.37152e-322	1.4	1	0.0024888				0				-6				6				1578.88
741		2.37152e-322	1.4	1	0.0024888				0				-6				6				1578.88
742		2.37152e-322	1.4	1	0.0024888				0				-6				6				1578.88
743		2.37152e-322	1.4	1	0.0024888				0				-6				6				1578.88
744		2.37152e-322	1.4	1	0.0024888				0				-6				6				1578.88
745		2.37152e-322	1.4	1	0.0024888				0				-6				6				1578.88
746		2.37152e-322	1.4	1	0.0024888				0				-6				6				1578.88
747		2.37152e-322	1.4	1	0.0024888				0				-6				6				1578.88
748		2.37152e-322	1.4	1	0.0024888				0				-6				6				1578.88
749		2.37152e-322	1.4	1	0.0024888				0				-6				6				1578.88
750		2.37152e-322	1.4	1	0.0024888				0				-6				6				1578.88
751		2.37152e-322	1.4	1	0.0024888				0				-6				6				1578.88
752		2.37152e-322	1.4	1	0.0024888				0				-6				6				1578.88
753		2.37152e-322	1.4	1	0.0024888				0				-6				6				1578.88
754		2.37152e-322	1.4	1	0.0024888				0				-6				6				1578.88
755		2.37152e-322	1.4	1	0.0024888				0				-6				6				1578.88
756		2.37152e-322	1.4	1	0.0024888				0				-6				6				1578.88
757		2.37152e-322	1.4	1	0.0024888				0				-6				6				1578.88
758		2.37152e-322	1.4	1	0.0024888				0				-6				6				1578.88
759		2.37152e-322	1.4	1	0.0024888				0				-6				6				1578.88
760		2.37152e-322	1.4	1	0.0024888				0				-6				6				1578.88
761		2.37152e-322	1.4	1	0.0024888				0				-6				6				1578.88
762		2.37152e-322	1.4	1	0.0024888				0				-6				6				1578.88
763		2.37152e-322	1.4	1	0.0024888				0				-6				6				1578.88
764		2.37152e-322	1.4	1	0.0024888				0				-6				6				1578.88
765		2.37152e-322	1.4	1	0.0024888				0				-6				6				1578.88
766		2.37152e-322	1.4	1	0.0024888				0				-6				6				1578.88
767		2.37152e-322	1.4	1	0.0024888				0				-6				6				1578.88
768		2.37152e-322	1.4	1	0.0024888				0				-6				6				1578.88
769		2.37152e-322	1.4	1	0.0024888				0				-6				6				1578.88
770		2.37152e-322	1.4	1	0.0024888				0				-6				6				1578.88
771		2.37152e-322	1.4	1	0.0024888				0				-6				6				1578.88
772		2.37152e-322	1.4	1	0.0024888				0				-6				6				1578.88
773		2.37152e-322	1.4	1	0.0024888				0				-6				6				1578.88
774		2.37152e-322	1.4	1	0.0024888				0				-6				6				1578.88
775		2.37152e-322	1.4	1	0.0024888				0				-6				6				1578.88
776		2.37152e-322	1.4	1	0.0024888				0				-6				6				1578.88
777		2.37152e-322	1.4	1	0.0024888				0				-6				6				1578.88
778		2.37152e-322	1.4	1	0.0024888				0				-6				6				1578.88
779		2.37152e-322	1.4	1	0.0024888				0				-6				6				1578.88
780		2.37152e-322	1.4	1	0.0024888				0				-6				6				1578.88
781		2.37152e-322	1.4	1	0.0024888				0				-6				6				1578.88
782		2.37152e-322	1.4	1	0.0024888				0				-6				6				1578.88
783		2.37152e-322	1.4	1	0.0024888				0				-6				6				1578.88
784		2.37152e-322	1.4	1	0.0024888				0				-6				6				1578.88
785		2.37152e-322	1.4	1	0.0024888				0				-6				6				1578.88
786		2.37152e-322	1.4	1	0.0024888				0				-6				6				1578.88
787		2.37152e-322	1.4	1	0.0024888				0				-6				6				1578.88
788		2.37152e-322	1.4	1	0.0024888				0				-6				6				1578.88
789		2.37152e-322	1.4	1	0.0024888				0				-6				6				1578.88
790		2.37152e-322	1.4	1	0.0024888				0				-6				6				1578.88
791		2.37152e-322	1.4	1	0.0024888				0				-6				6				1578.88
792		2.37152e-322	1.4	1	0.0024888				0				-6				6				1578.88
793		2.37152e-322	1.4	1	0.0024888				0				-6				6				1578.88
794		2.37152e-322	1.4	1	0.0024888				0				-6				6				1578.88
795		2.37152e-322	1.4	1	0.0024888				0				-6				6				1578.88
796		2.37152e-322	1.4	1	0.0024888				0				-6				6				1578.88
797		2.37152e-322	1.4	1	0.0024888				0				-6				6				1578.88
798		2.37152e-322	1.4	1	0.0024888				0				-6				6				1578.88
799		2.37152e-322	1.4	1	0.0024888				0				-6				6				1578.88
800		2.37152e-322	1.4	1	0.0024888				0				-6				6				1578.88
801		2.37152e-322	1.4	1	0.0024888				0				-6				6				1578.88
802		2.37152e-322	1.4	1	0.0024888				0				-6				6				1578.88
803		2.37152e-322	1.4	1	0.0024888				0				-6				6				1578.88
804		2.37152e-322	1.4	1	0.0024888				0				-6				6				1578.88
805		2.37152e-322	1.4	1	0.0024888				0				-6				6				1578.88
806		2.37152e-322	1.4	1	0.0024888				0				-6				6				1578.88
807		2.37152e-322	1.4	1	0.0024888				0				-6				6				1578.88
808		2.37152e-322	1.4	1	0.0024888				0				-6				6				1578.88
809		2.37152e-322	1.4	1	0.0024888				0				-6				6				1578.88
810		2.37152e-322	1.4	1	0.0024888				0				-6				6				1578.88
811		2.37152e-322	1.4	1	0.0024888				0				-6				6				1578.88
812		2.37152e-322	1.4	1	0.0024888				0				-6				6				1578.88
813		2.37152e-322	1.4	1	0.0024888				0				-6				6				1578.88
814		2.37152e-322	1.4	1	0.0024888				0				-6				6				1578.88
815		2.37152e-322	1.4	1	0.0024888				0				-6				6				1578.88
816		2.37152e-322	1.4	1	0.0024888				0				-6				6				1578.88
817		2.37152e-322	1.4	1	0.0024888				0				-6				6				1578.88
818		2.37152e-322	1.4	1	0.0024888				0				-6				6				1578.88
819		2.37152e-322	1.4	1	0.0024888				0				-6				6				1578.88
820		2.37152e-322	1.4	1	0.0024888				0				-6				6				1578.88
821		2.37152e-322	1.4	1	0.0024888				0				-6				6				1578.88
822		2.37152e-322	1.4	1	0.0024888				0				-6				6				1578.88
823		2.37152e-322	1.4	1	0.0024888				0				-6				6				1578.88
824		2.37152e-322	1.4	1	0.0024888				0				-6				6				1578.88
825		2.37152e-322	1.4	1	0.0024888				0				-6				6				1578.88
826		2.37152e-322	1.4	1	0.0024888				0				-6				6				1578.88
827		2.37152e-322	1.4	1	0.0024888				0				-6				6				1578.88
828		2.37152e-322	1.4	1	0.0024888				0				-6				6				1578.88
829		2.37152e-322	1.4	1	0.0024888				0				-6				6				1578.88
830		2.37152e-322	1.4	1	0.0024888				0				-6				6				1578.88
831		2.37152e-322	1.4	1	0.0024888				0				-6				6				1578.88
832		2.37152e-322	1.4	1	0.0024888				0				-6				6				1578.88
833		2.37152e-322	1.4	1	0.0024888				0				-6				6				1578.88
834		2.37152e-322	1.4	1	0.0024888				0				-6				6				1578.88
835		2.37152e-322	1.4	1	0.0024888				0				-6				6				1578.88
836		2.37152e-322	1.4	1	0.0024888				0				-6				6				1578.88
837		2.37152e-322	1.4	1	0.0024888				0				-6				6				1578.88
838		2.37152e-322	1.4	1	0.0024888				0				-6				6				1578.88
839		2.37152e-322	1.4	1	0.0024888				0				-6				6				1578.88
840		2.37152e-322	1.4	1	0.0024888				0				-6				6				1578.88
841		2.37152e-322	1.4	1	0.0024888				0				-6				6				1578.88
842		2.37152e-322	1.4	1	0.0024888				0				-6				6				1578.88
843		2.37152e-322	1.4	1	0.0024888				0				-6				6				1578.88
844		2.37152e-322	1.4	1	0.0024888				0				-6				6				1578.88
845		2.37152e-322	1.4	1	0.0024888				0				-6				6				1578.88
846		2.37152e-322	1.4	1	0.0024888				0				-6				6				1578.88
847		2.37152e-322	1.4	1	0.0024888				0				-6				6				1578.88
848		2.37152e-322	1.4	1	0.0024888				0				-6				6				1578.88
849		2.37152e-322	1.4	1	0.0024888				0				-6				6				1578.88
850		2.37152e-322	1.4	1	0.0024888				0				-6				6				1578.88
851		2.37152e-322	1.4	1	0.0024888				0				-6				6				1578.88
852		2.37152e-322	1.4	1	0.0024888				0				-6				6				1578.88
853		2.37152e-322	1.4	1	0.0024888				0				-6				6				1578.88
854		2.37152e-322	1.4	1	0.0024888				0				-6				6				1578.88
855		2.37152e-322	1.4	1	0.0024888				0				-6				6				1578.88
856		2.37152e-322	1.4	1	0.0024888				0				-6				6				1578.88
857		2.37152e-322	1.4	1	0.0024888				0				-6				6				1578.88
858		2.37152e-322	1.4	1	0.0024888				0				-6				6				1578.88
859		2.37152e-322	1.4	1	0.0024888				0				-6				6				1578.88
860		2.37152e-322	1.4	1	0.0024888				0				-6				6				1578.88
861		2.37152e-322	1.4	1	0.0024888				0				-6				6				1578.88
862		2.37152e-322	1.4	1	0.0024888				0				-6				6				1578.88
863		2.37152e-322	1.4	1	0.0024888				0				-6				6				1578.88
864		2.37152e-322	1.4	1	0.0024888				0				-6				6				1578.88
865		2.37152e-322	1.4	1	0.0024888				0				-6				6				1578.88
866		2.37152e-322	1.4	1	0.0024888				0				-6				6				1578.88
867		2.37152e-322	1.4	1	0.0024888				0				-6				6				1578.88
868		2.37152e-322	1.4	1	0.0024888				0				-6				6				1578.88
869		2.37152e-322	1.4	1	0.0024888				0				-6				6				1578.88
870		2.37152e-322	1.4	1	0.0024888				0				-6				6				1578.88
871		2.37152e-322	1.4	1	0.0024888				0				-6				6				1578.88
872		2.37152e-322	1.4	1	0.0024888				0				-6				6				1578.88
873		2.37152e-322	1.4	1	0.0024888				0				-6				6				1578.88
874		2.37152e-322	1.4	1	0.0024888				0				-6				6				1578.88
875		2.37152e-322	1.4	1	0.0024888				0				-6				6				1578.88
876		2.37152e-322	1.4	1	0.0024888				0				-6				6				1578.88
877		2.37152e-322	1.4	1	0.0024888				0				-6				6				1578.88
878		2.37152e-322	1.4	1	0.0024888				0				-6				6				1578.88
879		2.37152e-322	1.4	1	0.0024888				0				-6				6				1578.88
880		2.37152e-322	1.4	1	0.0024888				0				-6				6				1578.88
881		2.37152e-322	1.4	1	0.0024888				0				-6				6				1578.88
882		2.37152e-322	1.4	1	0.0024888				0				-6				6				1578.88
883		2.37152e-322	1.4	1	0.0024888				0				-6				6				1578.88
884		2.37152e-322	1.4	1	0.0024888				0				-6				6				1578.88
885		2.37152e-322	1.4	1	0.0024888				0				-6				6				1578.88
886		2.37152e-322	1.4	1	0.0024888				0				-6				6				1578.88
887		2.37152e-322	1.4	1	0.0024888				0				-6				6				1578.88
888		2.37152e-322	1.4	1	0.0024888				0				-6				6				1578.88
889		2.37152e-322	1.4	1	0.0024888				0				-6				6				1578.88
890		2.37152e-322	1.4	1	0.0024888				0				-6				6				1578.88
891		2.37152e-322	1.4	1	0.0024888				0				-6				6				1578.88
892		2.37152e-322	1.4	1	0.0024888				0				-6				6				1578.88
893		2.37152e-322	1.4	1	0.0024888				0				-6				6				1578.88
894		2.37152e-322	1.4	1	0.0024888				0				-6				6				1578.88
895		2.37152e-322	1.4	1	0.0024888				0				-6				6				1578.88
896		2.37152e-322	1.4	1	0.0024888				0				-6				6				1578.88
897		2.37152e-322	1.4	1	0.0024888				0				-6				6				1578.88
898		2.37152e-322	1.4	1	0.0024888				0				-6				6				1578.88
899		2.37152e-322	1.4	1	0.0024888				0				-6				6				1578.88
900		2.37152e-322	1.4	1	0.0024888				0				-6				6				1578.88
901		2.37152e-322	1.4	1	0.0024888				0				-6				6				1578.88
902		2.37152e-322	1.4	1	0.0024888				0				-6				6				1578.88
903		2.37152e-322	1.4	1	0.0024888				0				-6				6				1578.88
904		2.37152e-322	1.4	1	0.0024888				0				-6				6				1578.88
905		2.37152e-322	1.4	1	0.0024888				0				-6				6				1578.88
906		2.37152e-322	1.4	1	0.0024888				0				-6				6				1578.88
907		2.37152e-322	1.4	1	0.0024888				0				-6				6				1578.88
908		2.37152e-322	1.4	1	0.0024888				0				-6				6				1578.88
909		2.37152e-322	1.4	1	0.0024888				0				-6				6				1578.88
910		2.37152e-322	1.4	1	0.0024888				0				-6				6				1578.88
911		2.37152e-322	1.4	1	0.0024888				0				-6				6				1578.88
912		2.37152e-322	1.4	1	0.0024888				0				-6				6				1578.88
913		2.37152e-322	1.4	1	0.0024888				0				-6				6				1578.88
914		2.37152e-322	1.4	1	0.0024888				0				-6				6				1578.88
915		2.37152e-322	1.4	1	0.0024888				0				-6				6				1578.88
916		2.37152e-322	1.4	1	0.0024888				0				-6				6				1578.88
917		2.37152e-322	1.4	1	0.0024888				0				-6				6				1578.88
918		2.37152e-322	1.4	1	0.0024888				0				-6				6				1578.88
919		2.37152e-322	1.4	1	0.0024888				0				-6				6				1578.88
920		2.37152e-322	1.4	1	0.0024888				0				-6				6				1578.88
921		2.37152e-322	1.4	1	0.0024888				0				-6				6				1578.88
922		2.37152e-322	1.4	1	0.0024888				0				-6				6				1578.88
923		2.37152e-322	1.4	1	0.0024888				0				-6				6				1578.88
924		2.37152e-322	1.4	1	0.0024888				0				-6				6				1578.88
925		2.37152e-322	1.4	1	0.0024888				0				-6				6				1578.88
926		2.37152e-322	1.4	1	0.0024888				0				-6				6				1578.88
927		2.37152e-322	1.4	1	0.0024888				0				-6				6				1578.88
928		2.37152e-322	1.4	1	0.0024888				0				-6				6				1578.88
929		2.37152e-322	1.4	1	0.0024888				0				-6				6				1578.88
930		2.37152e-322	1.4	1	0.0024888				0				-6				6				1578.88
931		2.37152e-322	1.4	1	0.0024888				0				-6				6				1578.88
932		2.37152e-322	1.4	1	0.0024888				0				-6				6				1578.88
933		2.37152e-322	1.4	1	0.0024888				0				-6				6				1578.88
934		2.37152e-322	1.4	1	0.0024888				0				-6				6				1578.88
935		2.37152e-322	1.4	1	0.0024888				0				-6				6				1578.88
936		2.37152e-322	1.4	1	0.0024888				0				-6				6				1578.88
937		2.37152e-322	1.4	1	0.0024888				0				-6				6				1578.88
938		2.37152e-322	1.4	1	0.0024888				0				-6				6				1578.88
939		2.37152e-322	1.4	1	0.0024888				0				-6				6				1578.88
940		2.37152e-322	1.4	1	0.0024888				0				-6				6				1578.88
941		2.37152e-322	1.4	1	0.0024888				0				-6				6				1578.88
942		2.37152e-322	1.4	1	0.0024888				0				-6				6				1578.88
943		2.37152e-322	1.4	1	0.0024888				0				-6				6				1578.88
944		2.37152e-322	1.4	1	0.0024888				0				-6				6				1578.88
945		2.37152e-322	1.4	1	0.0024888				0				-6				6				1578.88
946		2.37152e-322	1.4	1	0.0024888				0				-6				6				1578.88
947		2.37152e-322	1.4	1	0.0024888				0				-6				6				1578.88
948		2.37152e-322	1.4	1	0.0024888				0				-6				6				1578.88
949		2.37152e-322	1.4	1	0.0024888				0				-6				6				1578.88
950		2.37152e-322	1.4	1	0.0024888				0				-6				6				1578.88
951		2.37152e-322	1.4	1	0.0024888				0				-6				6				1578.88
952		2.37152e-322	1.4	1	0.0024888				0				-6				6				1578.88
953		2.37152e-322	1.4	1	0.0024888				0				-6				6				1578.88
954		2.37152e-322	1.4	1	0.0024888				0				-6				6				1578.88
955		2.37152e-322	1.4	1	0.0024888				0				-6				6				1578.88
956		2.37152e-322	1.4	1	0.0024888				0				-6				6				1578.88
957		2.37152e-322	1.4	1	0.0024888				0				-6				6				1578.88
958		2.37152e-322	1.4	1	0.0024888				0				-6				6				1578.88
959		2.37152e-322	1.4	1	0.0024888				0				-6				6				1578.88
960		2.37152e-322	1.4	1	0.0024888				0				-6				6				1578.88
961		2.37152e-322	1.4	1	0.0024888				0				-6				6				1578.88
962		2.37152e-322	1.4	1	0.0024888				0				-6				6				1578.88
963		2.37152e-322	1.4	1	0.0024888				0				-6				6				1578.88
964		2.37152e-322	1.4	1	0.0024888				0				-6				6				1578.88
965		2.37152e-322	1.4	1	0.0024888				0				-6				6				1578.88
966		2.37152e-322	1.4	1	0.0024888				0				-6				6				1578.88
967		2.37152e-322	1.4	1	0.0024888				0				-6				6				1578.88
968		2.37152e-322	1.4	1	0.0024888				0				-6				6				1578.88
969		2.37152e-322	1.4	1	0.0024888				0				-6				6				1578.88
970		2.37152e-322	1.4	1	0.0024888				0				-6				6				1578.88
971		2.37152e-322	1.4	1	0.0024888				0				-6				6				1578.88
972		2.37152e-322	1.4	1	0.0024888				0				-6				6				1578.88
973		2.37152e-322	1.4	1	0.0024888				0				-6				6				1578.88
974		2.37152e-322	1.4	1	0.0024888				0				-6				6				1578.88
975		2.37152e-322	1.4	1	0.0024888				0				-6				6				1578.88
976		2.37152e-322	1.4	1	0.0024888				0				-6				6				1578.88
977		2.37152e-322	1.4	1	0.0024888				0				-6				6				1578.88
978		2.37152e-322	1.4	1	0.0024888				0				-6				6				1578.88
979		2.37152e-322	1.4	1	0.0024888				0				-6				6				1578.88
980		2.37152e-322	1.4	1	0.0024888				0				-6				6				1578.88
981		2.37152e-322	1.4	1	0.0024888				0				-6				6				1578.88
982		2.37152e-322	1.4	1	0.0024888				0				-6				6				1578.88
983		2.37152e-322	1.4	1	0.0024888				0				-6				6				1578.88
984		2.37152e-322	1.4	1	0.0024888				0				-6				6				1578.88
985		2.37152e-322	1.4	1	0.0024888				0				-6				6				1578.88
986		2.37152e-322	1.4	1	0.0024888				0				-6				6				1578.88
987		2.37152e-322	1.4	1	0.0024888				0				-6				6				1578.88
988		2.37152e-322	1.4	1	0.0024888				0				-6				6				1578.88
989		2.37152e-322	1.4	1	0.0024888				0				-6				6				1578.88
990		2.37152e-322	1.4	1	0.0024888				0				-6				6				1578.88
991		2.37152e-322	1.4	1	0.0024888				0				-6				6				1578.88
992		2.37152e-322	1.4	1	0.0024888				0				-6				6				1578.88
993		2.37152e-322	1.4	1	0.0024888				0				-6				6				1578.88
994		2.37152e-322	1.4	1	0.0024888				0				-6				6				1578.88
995		2.37152e-322	1.4	1	0.0024888				0				-6				6				1578.88
996		2.37152e-322	1.4	1	0.0024888				0				-6				6				1578.88
997		2.37152e-322	1.4	1	0.0024888				0				-6				6				1578.88
998		2.37152e-322	1.4	1	0.0024888				0				-6				6				1578.88
999		2.37152e-322	1.4	1	0.0024888				0				-6				6				1578.88
1000		2.37152e-322	1.4	1	0.0024888				0				-6				6				1578.88
1001		2.37152e-322	1.4	1	0.0024888				0				-6				6				1578.88
1002		2.37152e-322	1.4	1	0.0024888				0				-6				6				1578.88
1003		2.37152e-322	1.4	1	0.0024888				0				-6				6				1578.88
1004		2.37152e-322	1.4	1	0.0024888				0				-6				6				1578.88
1005		2.37152e-322	1.4	1	0.0024888				0				-6				6				1578.88
1006		2.37152e-322	1.4	1	0.0024888				0				-6				6				1578.88
1007		2.37152e-322	1.4	1	0.0024888				0				-6				6				1578.88
1008		2.37152e-322	1.4	1	0.0024888				0				-6				6				1578.88
1009		2.37152e-322	1.4	1	0.0024888				0				-6				6				1578.88
1010		2.37152e-322	1.4	1	0.0024888				0				-6				6				1578.88
1011		2.37152e-322	1.4	1	0.0024888				0				-6				6				1578.88
1012		2.37152e-322	1.4	1	0.0024888				0				-6				6				1578.88
1013		2.37152e-322	1.4	1	0.0024888				0				-6				6				1578.88
1014		2.37152e-322	1.4	1	0.0024888				0				-6				6				1578.88
1015		2.37152e-322	1.4	1	0.0024888				0				-6				6				1578.88
1016		2.37152e-322	1.4	1	0.0024888				0				-6				6				1578.88
1017		2.37152e-322	1.4	1	0.0024888				0				-6				6				1578.88
1018		2.37152e-322	1.4	1	0.0024888				0				-6				6				1578.88
1019		2.37152e-322	1.4	1	0.0024888				0				-6				6				1578.88
1020		2.37152e-322	1.4	1	0.0024888				0				-6				6				1578.88
1021		2.37152e-322	1.4	1	0.0024888				0				-6				6				1578.88
1022		2.37152e-322	1.4	1	0.0024888				0				-6				6				1578.88
1023		2.37152e-322	1.4	1	0.0024888				0				-6				6				1578.88
1024		2.37152e-322	1.4	1	0.0024888				0				-6				6				1578.88
1025		2.37152e-322	1.4	1	0.0024888				0				-6				6				1578.88
1026		2.37152e-322	1.4	1	0.0024888				0				-6				6				1578.88
1027		2.37152e-322	1.4	1	0.0024888				0				-6				6				1578.88
1028		2.37152e-322	1.4	1	0.0024888				0				-6				6				1578.88
1029		2.37152e-322	1.4	1	0.0024888				0				-6				6				1578.88
1030		2.37152e-322	1.4	1	0.0024888				0				-6				6				1578.88
1031		2.37152e-322	1.4	1	0.0024888				0				-6				6				1578.88
1032		2.37152e-322	1.4	1	0.0024888				0				-6				6				1578.88
1033		2.37152e-322	1.4	1	0.0024888				0				-6				6				1578.88
1034		2.37152e-322	1.4	1	0.0024888				0				-6				6				1578.88
1035		2.37152e-322	1.4	1	0.0024888				0				-6				6				1578.88
1036		2.37152e-322	1.4	1	0.0024888				0				-6				6				1578.88
1037		2.37152e-322	1.4	1	0.0024888				0				-6				6				1578.88
1038		2.37152e-322	1.4	1	0.0024888				0				-6				6				1578.88
1039		2.37152e-322	1.4	1	0.0024888				0				-6				6				1578.88
1040		2.37152e-322	1.4	1	0.0024888				0				-6				6				1578.88
1041		2.37152e-322	1.4	1	0.0024888				0				-6				6				1578.88
1042		2.37152e-322	1.4	1	0.0024888				0				-6				6				1578.88
1043		2.37152e-322	1.4	1	0.0024888				0				-6				6				1578.88
1044		2.37152e-322	1.4	1	0.0024888				0				-6				6				1578.88
1045		2.37152e-322	1.4	1	0.0024888				0				-6				6				1578.88
1046		2.37152e-322	1.4	1	0.0024888				0				-6				6				1578.88
1047		2.37152e-322	1.4	1	0.0024888				0				-6				6				1578.88
1048		2.37152e-322	1.4	1	0.0024888				0				-6				6				1578.88
1049		2.37152e-322	1.4	1	0.0024888				0				-6				6				1578.88
1050		2.37152e-322	1.4	1	0.0024888				0				-6				6				1578.88
1051		2.37152e-322	1.4	1	0.0024888				0				-6				6				1578.88
1052		2.37152e-322	1.4	1	0.0024888				0				-6				6				1578.88
1053		2.37152e-322	1.4	1	0.0024888				0				-6				6				1578.88
1054		2.37152e-322	1.4	1	0.0024888				0				-6				6				1578.88
1055		2.37152e-322	1.4	1	0.0024888				0				-6				6				1578.88
1056		2.37152e-322	1.4	1	0.0024888				0				-6				6				1578.88
1057		2.37152e-322	1.4	1	0.0024888				0				-6				6				1578.88
1058		2.37152e-322	1.4	1	0.0024888				0				-6				6				1578.88
1059		2.37152e-322	1.4	1	0.0024888				0				-6				6				1578.88
1060		2.37152e-322	1.4	1	0.0024888				0				-6				6				1578.88
1061		2.37152e-322	1.4	1	0.0024888				0				-6				6				1578.88
1062		2.37152e-322	1.4	1	0.0024888				0				-6				6				1578.88
1063		2.37152e-322	1.4	1	0.0024888				0				-6				6				1578.88
1064		2.37152e-322	1.4	1	0.0024888				0				-6				6				1578.88
1065		2.37152e-322	1.4	1	0.0024888				0				-6				6				1578.88
1066		2.37152e-322	1.4	1	0.0024888				0				-6				6				1578.88
1067		2.37152e-322	1.4	1	0.0024888				0				-6				6				1578.88
1068		2.37152e-322	1.4	1	0.0024888				0				-6				6				1578.88
1069		2.37152e-322	1.4	1	0.0024888				0				-6				6				1578.88
1070		2.37152e-322	1.4	1	0.0024888				0				-6				6				1578.88
1071		2.37152e-322	1.4	1	0.0024888				0				-6				6				1578.88
1072		2.37152e-322	1.4	1	0.0024888				0				-6				6				1578.88
1073		2.37152e-322	1.4	1	0.0024888				0				-6				6				1578.88
1074		2.37152e-322	1.4	1	0.0024888				0				-6				6				1578.88
1075		2.37152e-322	1.4	1	0.0024888				0				-6				6				1578.88
1076		2.37152e-322	1.4	1	0.0024888				0				-6				6				1578.88
1077		2.37152e-322	1.4	1	0.0024888				0				-6				6				1578.88
1078		2.37152e-322	1.4	1	0.0024888				0				-6				6				1578.88
1079		2.37152e-322	1.4	1	0.0024888				0				-6				6				1578.88
1080		2.37152e-322	1.4	1	0.0024888				0				-6				6				1578.88
1081		2.37152e-322	1.4	1	0.0024888				0				-6				6				1578.88
1082		2.37152e-322	1.4	1	0.0024888				0				-6				6				1578.88
1083		2.37152e-322	1.4	1	0.0024888				0				-6				6				1578.88
1084		2.37152e-322	1.4	1	0.0024888				0				-6				6				1578.88
1085		2.37152e-322	1.4	1	0.0024888				0				-6				6				1578.88
1086		2.37152e-322	1.4	1	0.0024888				0				-6				6				1578.88
1087		2.37152e-322	1.4	1	0.0024888				0				-6				6				1578.88
1088		2.37152e-322	1.4	1	0.0024888				0				-6				6				1578.88
1089		2.37152e-322	1.4	1	0.0024888				0				-6				6				1578.88
1090		2.37152e-322	1.4	1	0.0024888				0				-6				6				1578.88
1091		2.37152e-322	1.4	1	0.0024888				0				-6				6				1578.88
1092		2.37152e-322	1.4	1	0.0024888				0				-6				6				1578.88
1093		2.37152e-322	1.4	1	0.0024888				0				-6				6				1578.88
1094		2.37152e-322	1.4	1	0.0024888				0				-6				6				1578.88
1095		2.37152e-322	1.4	1	0.0024888				0				-6				6				1578.88
1096		2.37152e-322	1.4	1	0.0024888				0				-6				6				1578.88
1097		2.37152e-322	1.4	1	0.0024888				0				-6				6				1578.88
1098		2.37152e-322	1.4	1	0.0024888				0				-6				6				1578.88
1099		2.37152e-322	1.4	1	0.0024888				0				-6				6				1578.88
1100		2.37152e-322	1.4	1	0.0024888				0				-6				6				1578.88
1101		2.37152e-322	1.4	1	0.0024888				0				-6				6				1578.88
1102		2.37152e-322	1.4	1	0.0024888				0				-6				6				1578.88
1103		2.37152e-322	1.4	1	0.0024888				0				-6				6				1578.88
1104		2.37152e-322	1.4	1	0.0024888				0				-6				6				1578.88
1105		2.37152e-322	1.4	1	0.0024888				0				-6				6				1578.88
1106		2.37152e-322	1.4	1	0.0024888				0				-6				6				1578.88
1107		2.37152e-322	1.4	1	0.0024888				0				-6				6				1578.88
1108		2.37152e-322	1.4	1	0.0024888				0				-6				6				1578.88
1109		2.37152e-322	1.4	1	0.0024888				0				-6				6				1578.88
1110		2.37152e-322	1.4	1	0.0024888				0				-6				6				1578.88
1111		2.37152e-322	1.4	1	0.0024888				0				-6				6				1578.88
1112		2.37152e-322	1.4	1	0.0024888				0				-6				6				1578.88
1113		2.37152e-322	1.4	1	0.0024888				0				-6				6				1578.88
1114		2.37152e-322	1.4	1	0.0024888				0				-6				6				1578.88
1115		2.37152e-322	1.4	1	0.0024888				0				-6				6				1578.88
1116		2.37152e-322	1.4	1	0.0024888				0				-6				6				1578.88
1117		2.37152e-322	1.4	1	0.0024888				0				-6				6				1578.88
1118		2.37152e-322	1.4	1	0.0024888				0				-6				6				1578.88
1119		2.37152e-322	1.4	1	0.0024888				0				-6				6				1578.88
1120		2.37152e-322	1.4	1	0.0024888				0				-6				6				1578.88
1121		2.37152e-322	1.4	1	0.0024888				0				-6				6				1578.88
1122		2.37152e-322	1.4	1	0.0024888				0				-6				6				1578.88
1123		2.37152e-322	1.4	1	0.0024888				0				-6				6				1578.88
1124		2.37152e-322	1.4	1	0.0024888				0				-6				6				1578.88
1125		2.37152e-322	1.4	1	0.0024888				0				-6				6				1578.88
1126		2.37152e-322	1.4	1	0.0024888				0				-6				6				1578.88
1127		2.37152e-322	1.4	1	0.0024888				0				-6				6				1578.88
1128		2.37152e-322	1.4	1	0.0024888				0				-6				6				1578.88
1129		2.37152e-322	1.4	1	0.0024888				0				-6				6				1578.88
1130		2.37152e-322	1.4	1	0.0024888				0				-6				6				1578.88
1131		2.37152e-322	1.4	1	0.0024888				0				-6				6				1578.88
1132		2.37152e-322	1.4	1	0.0024888				0				-6				6				1578.88
1133		2.37152e-322	1.4	1	0.0024888				0				-6				6				1578.88
1134		2.37152e-322	1.4	1	0.0024888				0				-6				6				1578.88
1135		2.37152e-322	1.4	1	0.0024888				0				-6				6				1578.88
1136		2.37152e-322	1.4	1	0.0024888				0				-6				6				1578.88
1137		2.37152e-322	1.4	1	0.0024888				0				-6				6				1578.88
1138		2.37152e-322	1.4	1	0.0024888				0				-6				6				1578.88
1139		2.37152e-322	1.4	1	0.0024888				0				-6				6				1578.88
1140		2.37152e-322	1.4	1	0.0024888				0				-6				6				1578.88
1141		2.37152e-322	1.4	1	0.0024888				0				-6				6				1578.88
1142		2.37152e-322	1.4	1	0.0024888				0				-6				6				1578.88
1143		2.37152e-322	1.4	1	0.0024888				0				-6				6				1578.88
1144		2.37152e-322	1.4	1	0.0024888				0				-6				6				1578.88
1145		2.37152e-322	1.4	1	0.0024888				0				-6				6				1578.88
1146		2.37152e-322	1.4	1	0.0024888				0				-6				6				1578.88
1147		2.37152e-322	1.4	1	0.0024888				0				-6				6				1578.88
1148		2.37152e-322	1.4	1	0.0024888				0				-6				6				1578.88
1149		2.37152e-322	1.4	1	0.0024888				0				-6				6				1578.88
1150		2.37152e-322	1.4	1	0.0024888				0				-6				6				1578.88
1151		2.37152e-322	1.4	1	0.0024888				0				-6				6				1578.88
1152		2.37152e-322	1.4	1	0.0024888				0				-6				6				1578.88
1153		2.37152e-322	1.4	1	0.0024888				0				-6				6				1578.88
1154		2.37152e-322	1.4	1	0.0024888				0				-6				6				1578.88
1155		2.37152e-322	1.4	1	0.0024888				0				-6				6				1578.88
1156		2.37152e-322	1.4	1	0.0024888				0				-6				6				1578.88
1157		2.37152e-322	1.4	1	0.0024888				0				-6				6				1578.88
1158		2.37152e-322	1.4	1	0.0024888				0				-6				6				1578.88
1159		2.37152e-322	1.4	1	0.0024888				0				-6				6				1578.88
1160		2.37152e-322	1.4	1	0.0024888				0				-6				6				1578.88
1161		2.37152e-322	1.4	1	0.0024888				0				-6				6				1578.88
1162		2.37152e-322	1.4	1	0.0024888				0				-6				6				1578.88
1163		2.37152e-322	1.4	1	0.0024888				0				-6				6				1578.88
1164		2.37152e-322	1.4	1	0.0024888				0				-6				6				1578.88
1165		2.37152e-322	1.4	1	0.0024888				0				-6				6				1578.88
1166		2.37152e-322	1.4	1	0.0024888				0				-6				6				1578.88
1167		2.37152e-322	1.4	1	0.0024888				0				-6				6				1578.88
1168		2.37152e-322	1.4	1	0.0024888				0				-6				6				1578.88
1169		2.37152e-322	1.4	1	0.0024888				0				-6				6				1578.88
1170		2.37152e-322	1.4	1	0.0024888				0				-6				6				1578.88
1171		2.37152e-322	1.4	1	0.0024888				0				-6				6				1578.88
1172		2.37152e-322	1.4	1	0.0024888				0				-6				6				1578.88
1173		2.37152e-322	1.4	1	0.0024888				0				-6				6				1578.88
1174		2.37152e-322	1.4	1	0.0024888				0				-6				6				1578.88
1175		2.37152e-322	1.4	1	0.0024888				0				-6				6				1578.88
1176		2.37152e-322	1.4	1	0.0024888				0				-6				6				1578.88
1177		2.37152e-322	1.4	1	0.0024888				0				-6				6				1578.88
1178		2.37152e-322	1.4	1	0.0024888				0				-6				6				1578.88
1179		2.37152e-322	1.4	1	0.0024888				0				-6				6				1578.88
1180		2.37152e-322	1.4	1	0.0024888				0				-6				6				1578.88
1181		2.37152e-322	1.4	1	0.0024888				0				-6				6				1578.88
1182		2.37152e-322	1.4	1	0.0024888				0				-6				6				1578.88
1183		2.37152e-322	1.4	1	0.0024888				0				-6				6				1578.88
1184		2.37152e-322	1.4	1	0.0024888				0				-6				6				1578.88
1185		2.37152e-322	1.4	1	0.0024888				0				-6				6				1578.88
1186		2.37152e-322	1.4	1	0.0024888				0				-6				6				1578.88
1187		2.37152e-322	1.4	1	0.0024888				0				-6				6				1578.88
1188		2.37152e-322	1.4	1	0.0024888				0				-6				6				1578.88
1189		2.37152e-322	1.4	1	0.0024888				0				-6				6				1578.88
1190		2.37152e-322	1.4	1	0.0024888				0				-6				6				1578.88
1191		2.37152e-322	1.4	1	0.0024888				0				-6				6				1578.88
1192		2.37152e-322	1.4	1	0.0024888				0				-6				6				1578.88
1193		2.37152e-322	1.4	1	0.0024888				0				-6				6				1578.88
1194		2.37152e-322	1.4	1	0.0024888				0				-6				6				1578.88
1195		2.37152e-322	1.4	1	0.0024888				0				-6				6				1578.88
1196		2.37152e-322	1.4	1	0.0024888				0				-6				6				1578.88
1197		2.37152e-322	1.4	1	0.0024888				0				-6				6				1578.88
1198		2.37152e-322	1.4	1	0.0024888				0				-6				6				1578.88
1199		2.37152e-322	1.4	1	0.0024888				0				-6				6				1578.88
