5.43366	4.30023	727
5.46628	4.24784	388
5.54592	4.24115	217
5.49433	4.36922	220
5.25	4	0
0	54
10.6136	4.83739	734
10.2848	5.50067	465
9.59025	5.51399	485
9.67788	4.81081	486
4.75	4	1
1	129
5.01179	4.26254	240
5.0233	4.25947	778
5.03257	4.26755	740
5.01435	4.28108	710
5	4.25	2
2	216
4.63086	3.7887	415
4.69188	3.74735	413
4.71646	3.79828	903
4.68354	3.84524	417
5	3.75	3
3
5.68033	3.35923	377
5.86109	3.07539	618
6.20324	3.33403	363
5.86968	3.52139	468
0	0	4
4
3.61829	3.59771	290
3.84063	3.85224	365
3.62287	4.108	570
3.30163	3.92322	286
20	0	5
5	231
7.76892	1.72212	455
7.18095	2.05143	393
6.65402	1.43939	849
7.43518	1.00694	467
0	8	6
6	77
5.81592	5.28667	243
5.60834	5.5672	256
5.2743	5.42013	883
5.42667	5.1684	456
20	8	7
7
5.8926	4.17989	210
5.8494	4.37081	212
5.68027	4.31236	215
5.72773	4.16247	213
5.01353	4.24963	8
8
4.41639	7.06296	454
4.5221	6.43149	337
5.13196	6.39576	744
5.08733	7.18784	890
5.02703	4.24853	9
9	356
5.4899	4.93824	392
5.72384	4.93178	797
5.81592	5.28667	243
5.42667	5.1684	456
5.04045	4.24671	10
10
19	8	153
19.0255	7.07488	837
20	7	152
20	8	7
5.05374	4.24416	11
11
5.52514	4.0693	238
5.48314	4.14464	237
5.42382	4.09814	926
5.44264	4.02411	247
5.06688	4.24089	12
12
5.25803	4.13183	702
5.2905	4.13561	671
5.29041	4.17453	662
5.26041	4.16389	674
5.07983	4.23691	13
13
11.0974	1.69433	867
12.0153	1.67424	505
12.0241	2.52468	617
11.0475	2.5398	535
5.09253	4.23224	14
14	298
4.5789	4.26591	447
4.67616	4.21941	580
4.71487	4.25605	581
4.67866	4.31852	321
5.10497	4.22689	15
15
6.63213	4.66684	204
7.05299	4.51019	201
7.33848	5.09929	199
6.67941	5.05145	202
5.1171	4.22088	16
16
7.63713	5.77586	196
8.39026	6.25279	193
7.52041	6.49072	827
7.34553	6.08132	391
5.12889	4.21421	17
17
5.24578	4.09975	720
5.24886	4.08444	672
5.26296	4.08516	853
5.26318	4.10484	718
5.1403	4.20692	18
18
5.3198	4.56438	230
5.16989	4.60956	239
5.17394	4.48038	721
5.24978	4.46124	458
5.15129	4.19902	19
19
5.8494	4.37081	212
5.8926	4.17989	210
6.12006	4.15123	209
6.12139	4.458	208
5.16185	4.19054	20
20
4.78645	2.00135	623
4.71826	1.46874	523
5.26878	1.39668	524
5.27669	1.98715	305
5.17192	4.1815	21
21
6.25088	4.76098	206
6.63213	4.66684	204
6.67941	5.05145	202
6.26606	5.05132	205
5.1815	4.17192	22
22
16.9887	6.58447	493
16.5485	7.24767	735
15.8643	7.22114	176
15.9268	6.42493	781
5.19054	4.16185	23
23
4.74077	4.49372	318
4.80194	4.46145	886
4.86778	4.48731	443
4.78825	4.58002	313
5.19902	4.15129	24
24
4.87443	4.24767	716
4.89264	4.24543	445
4.89189	4.26803	715
4.87463	4.26284	700
5.20692	4.1403	25
25
3.4515	6.47266	451
3.57245	7.08303	182
2.79172	7.19078	479
2.77739	6.50894	774
5.21421	4.12889	26
26
5.28589	4.10403	680
5.31222	4.09655	673
5.32467	4.12983	670
5.2905	4.13561	671
5.22088	4.1171	27
27
5.68027	4.31236	215
5.54592	4.24115	217
5.61204	4.12112	218
5.72773	4.16247	213
5.22689	4.10497	28
28
4.74656	3.74327	563
4.69188	3.74735	413
4.66697	3.64012	412
4.77378	3.67595	411
5.23224	4.09253	29
29	146
18.5371	1.68291	908
18.8301	2.46945	511
17.8743	2.74148	608
17.6958	1.91742	459
5.23691	4.07983	30
30	175	304
1.09067	4.22952	178
0.923634	3.18918	473
1.6679	3.25104	474
1.83106	3.84915	475
5.24089	4.06688	31
31
4.70543	3.97955	528
4.73068	3.98213	533
4.72194	4.00832	842
4.69819	4.00799	530
5.24416	4.05374	32
32	760
4.73819	4.01065	368
4.73853	4.02676	571
4.72273	4.03001	572
4.72194	4.00832	842
5.24671	4.04045	33
33
4.67616	4.21941	580
4.72129	4.1918	586
4.74698	4.21756	677
4.71487	4.25605	581
5.24853	4.02703	34
34
18.0059	3.59874	514
19.0032	3.34322	179
19.0313	4.2636	804
18.0632	4.48849	499
5.24963	4.01353	35
35
4.75037	3.98647	91
4.73068	3.98213	533
4.73743	3.96285	369
4.75147	3.97297	90
5.24963	3.98647	36
36
0.917884	6.07999	835
1.95924	6.34142	497
1.65225	7.12264	496
0.885182	6.67457	190
5.24853	3.97297	37
37
2.68519	2.25229	472
2.11857	1.91306	470
2.72609	1.09672	469
3.13789	1.82545	471
5.24671	3.95955	38
38	50
6.12139	4.458	208
6.51325	4.32126	489
6.63213	4.66684	204
6.25088	4.76098	206
5.24416	3.94626	39
39
7.96669	5.23603	197
7.63713	5.77586	196
7.09818	5.56224	390
7.33848	5.09929	199
5.24089	3.93312	40
40
4.50512	2.92112	798
4.42265	2.49765	297
4.81205	2.48004	300
4.83224	2.84427	301
5.23691	3.92017	41
41
3.74735	4.53656	287
3.94583	4.60158	924
3.98097	4.80089	373
3.67489	4.85354	282
5.23224	3.90747	42
42
5.14422	3.6762	598
5.12805	3.58817	387
5.23925	3.53954	335
5.24135	3.64591	386
5.22689	3.89503	43
43
4.69849	4.03541	579
4.69819	4.00799	530
4.72194	4.00832	842
4.72273	4.03001	572
5.22088	3.8829	44
44
4.0363	3.68714	298
4.17102	3.79923	914
4.06208	3.97083	366
3.84063	3.85224	365
5.21421	3.87111	45
45
3.98097	4.80089	373
4.09438	5.08385	748
3.74219	5.24562	279
3.67489	4.85354	282
5.20692	3.8597	46
46
4.91937	4.29902	675
4.9224	4.33708	644
4.8749	4.34013	642
4.88461	4.29627	643
5.19902	3.84871	47
47	171
5.17416	4.27776	656
5.19057	4.32736	655
5.13083	4.32839	653
5.13773	4.28911	873
5.19054	3.83815	48
48
4.99731	3.72319	733
4.978	3.73336	399
4.95694	3.72077	557
4.99005	3.7002	550
5.1815	3.82808	49
49	336	398
3.69559	1.6247	494
3.13789	1.82545	471
2.72609	1.09672	469
3.65943	0.987709	183
5.17192	3.8185	50
50	38
5.92215	0.713343	869
5.1794	0.737506	446
5	0	124
6	0	125
5.16185	3.80946	51
51	221
5.00207	4.62597	270
5.0607	4.54763	913
5.16989	4.60956	239
5.07158	4.70886	269
5.15129	3.80098	52
52
5.54592	4.24115	217
5.48314	4.14464	237
5.52514	4.0693	238
5.61204	4.12112	218
5.1403	3.79308	53
53
5.42142	4.4393	226
5.38014	4.35441	244
5.43366	4.30023	727
5.49433	4.36922	220
5.12889	3.78579	54
54	0	242
5.54592	4.24115	217
5.46628	4.24784	388
5.4339	4.19891	885
5.48314	4.14464	237
5.1171	3.77912	55
55
1.95924	6.34142	497
2.44559	5.92136	633
2.85787	5.99167	452
2.77739	6.50894	774
5.10497	3.77311	56
56
4.76828	4.1935	701
4.74698	4.21756	677
4.72129	4.1918	586
4.74927	4.17271	678
5.09253	3.76776	57
57
5.84294	7.20023	481
6.65446	7.05558	181
7	8	165
6	8	166
5.07983	3.76309	58
58
2.79172	7.19078	479
3.57245	7.08303	182
4	8	168
3	8	169
5.06688	3.75911	59
59
0.923634	3.18918	473
1.05602	2.37532	187
1.79881	2.59691	540
1.6679	3.25104	474
5.05374	3.75584	60
60
4.68354	3.84524	417
4.73123	3.85289	731
4.73063	3.88281	532
4.7002	3.89285	436
5.04045	3.75329	61
61	282
6.43631	2.92993	516
6.74557	2.48066	361
7.18912	2.91076	265
6.74101	3.23997	515
5.02703	3.75147	62
62	167
4.67866	4.31852	321
4.71487	4.25605	581
4.76334	4.27729	899
4.7477	4.33327	582
5.01353	3.75037	63
63
3.95598	4.25385	484
3.74735	4.53656	287
3.41332	4.42942	284
3.62287	4.108	570
4.98647	3.75037	64
64	361
4.5789	4.26591	447
4.67866	4.31852	321
4.65366	4.41002	918
4.56755	4.40093	319
4.97297	3.75147	65
65
5.01849	4.32402	649
5.05272	4.33892	905
5.04336	4.38053	648
4.98879	4.36592	646
4.95955	3.75329	66
66	382	810
13.9629	2.42908	801
13.9391	1.62546	507
14.8988	1.58426	508
14.9286	2.3732	840
4.94626	3.75584	67
67	236	442
5.30453	3.83355	824
5.29495	3.87876	695
5.26089	3.8752	751
5.26764	3.85101	755
4.93312	3.75911	68
68	726
4	0	123
3.65943	0.987709	183
2.72609	1.09672	469
3	0	122
4.92017	3.76309	69
69
4.97702	3.66512	440
4.94937	3.6261	401
5.00271	3.57273	396
5.04182	3.64188	400
4.90747	3.76776	70
70
3.74735	4.53656	287
3.67489	4.85354	282
3.25176	4.80858	283
3.41332	4.42942	284
4.89503	3.77311	71
71
5.35495	3.94284	846
5.37538	3.9019	698
5.43787	3.92313	888
5.3956	3.97133	264
4.8829	3.77912	72
72	261
4.23184	3.25348	916
4.44214	3.15833	383
4.55038	3.27701	792
4.43445	3.4094	791
4.87111	3.78579	73
73
5.07774	3.68477	434
5.0474	3.70027	597
5.02473	3.69394	461
5.04182	3.64188	400
4.8597	3.79308	74
74	117
12.9757	1.65118	749
13.9391	1.62546	507
13.9629	2.42908	801
12.9927	2.47369	355
4.84871	3.80098	75
75
0.948945	5.21457	477
0	5	141
0	4	142
1.09067	4.22952	178
4.83815	3.80946	76
76
6.65402	1.43939	849
6.4989	0.738749	180
7	0	126
7.43518	1.00694	467
4.82808	3.8185	77
77	6
4.84873	3.70866	568
4.81353	3.7303	562
4.77378	3.67595	411
4.83955	3.65837	776
4.8185	3.82808	78
78	273
5.04182	3.64188	400
5.02473	3.69394	461
4.99005	3.7002	550
4.97702	3.66512	440
4.80946	3.83815	79
79	398
12.0241	2.52468	617
12.0153	1.67424	505
12.9757	1.65118	749
12.9927	2.47369	355
4.80098	3.84871	80
80
19.0339	6.14513	500
20	6	151
20	7	152
19.0255	7.07488	837
4.79308	3.8597	81
81	617
5.00081	3.73831	462
4.99731	3.72319	733
5.02077	3.71994	593
5.01786	3.73747	592
4.78579	3.87111	82
82
12.2244	5.50716	502
12.031	6.2833	491
10.8198	6.09257	464
11.4045	5.29707	773
4.77912	3.8829	83
83	404
4	8	168
3.57245	7.08303	182
4.0007	6.88274	560
4.41639	7.06296	454
4.77311	3.89503	84
84
5.20789	4.25047	658
5.238	4.27453	657
5.19057	4.32736	655
5.17416	4.27776	656
4.76776	3.90747	85
85
7.22276	3.36455	929
7.18912	2.91076	265
7.77285	3.11153	258
7.4997	3.5586	234
4.76309	3.92017	86
86
5.04182	3.64188	400
5.12805	3.58817	387
5.14422	3.6762	598
5.07774	3.68477	434
4.75911	3.93312	87
87
5.2905	4.13561	671
5.32467	4.12983	670
5.34075	4.1882	669
5.29041	4.17453	662
4.75584	3.94626	88
88
4.65357	4.03789	431
4.69849	4.03541	579
4.71168	4.06103	574
4.67969	4.08037	576
4.75329	3.95955	89
89
11.0974	1.69433	867
10.4273	1.69944	453
10.0442	1.01323	482
11.0594	0.87082	834
4.75147	3.97297	90
90	263
5.41363	5.91137	267
5.05953	5.70813	268
5.2743	5.42013	883
5.60834	5.5672	256
4.75037	3.98647	91
91
8.39026	6.25279	193
7.63713	5.77586	196
7.96669	5.23603	197
8.70298	5.42878	195
4.75037	4.01353	92
92
5.17416	4.27776	656
5.16402	4.25039	666
5.18681	4.23193	676
5.20789	4.25047	658
4.75147	4.02703	93
93
4.85187	4.27625	638
4.87463	4.26284	700
4.89189	4.26803	715
4.88461	4.29627	643
4.75329	4.04045	94
94
7.71109	7.18147	192
8.68567	7.17367	172
9	8	163
8	8	164
4.75584	4.05374	95
95
8.14988	0.755969	898
8	0	127
9	0	128
8.67602	0.669737	173
4.75911	4.06688	96
96
6.06473	2.68336	919
5.66819	2.54543	910
5.78843	2.01707	537
6.29913	2.16977	394
4.76309	4.07983	97
97
5.1403	4.20692	18
5.14661	4.21927	795
5.13382	4.2276	227
5.12889	4.21421	17
4.76776	4.09253	98
98
5.26938	4.06001	859
5.28975	4.04732	683
5.30199	4.07037	682
5.27994	4.08002	681
4.77311	4.10497	99
99	828
6.65446	7.05558	181
7.71109	7.18147	192
8	8	164
7	8	165
4.77912	4.1171	100
100
4.81592	4.32706	641
4.7477	4.33327	582
4.76334	4.27729	899
4.79903	4.2838	583
4.78579	4.12889	101
101	104
4.45395	3.90231	442
4.43925	4.01543	426
4.26986	4.01452	619
4.32244	3.86328	769
4.79308	4.1403	102
102
10	8	162
9	8	163
8.68567	7.17367	172
9.77553	7.13217	463
4.80098	4.15129	103
103
4.78626	4.2327	584
4.81672	4.25917	637
4.79903	4.2838	583
4.76334	4.27729	899
4.80946	4.16185	104
104	101	272
6.65446	7.05558	181
6.0932	6.50535	480
6.29459	6.23861	785
6.82936	6.42226	546
4.8185	4.17192	105
105
5.1794	0.737506	446
4.52719	0.887207	441
4	0	123
5	0	124
4.82808	4.1815	106
106
4.7983	4.16875	640
4.78467	4.17904	907
4.77045	4.1618	788
4.78743	4.1553	708
4.83815	4.19054	107
107	773
5.69175	3.66385	331
5.86968	3.52139	468
5.98001	3.7166	833
5.80061	3.81416	389
4.84871	4.19902	108
108
4.78626	4.2327	584
4.78562	4.20521	639
4.80365	4.19558	895
4.81633	4.21705	635
4.8597	4.20692	109
109
8.68567	7.17367	172
7.71109	7.18147	192
7.52041	6.49072	827
8.39026	6.25279	193
4.87111	4.21421	110
110	223
5.22077	3.77882	602
5.22538	3.81363	756
5.19972	3.81908	327
5.19013	3.80405	810
4.8829	4.22088	111
111
5.8804	1.39181	630
5.78843	2.01707	537
5.27669	1.98715	305
5.26878	1.39668	524
4.89503	4.22689	112
112
6.12139	4.458	208
6.25088	4.76098	206
5.96581	4.85553	821
5.86826	4.64018	384
4.90747	4.23224	113
113
5.16718	3.73852	599
5.12565	3.74442	605
5.10882	3.72548	596
5.14422	3.6762	598
4.92017	4.23691	114
114
2.77739	6.50894	774
2.79172	7.19078	479
1.65225	7.12264	496
1.95924	6.34142	497
4.93312	4.24089	115
115
9.59025	5.51399	485
9.6025	6.29342	194
8.39026	6.25279	193
8.70298	5.42878	195
4.94626	4.24416	116
116	152
5.04767	3.72354	594
5.0474	3.70027	597
5.07774	3.68477	434
5.07943	3.71888	595
4.95955	4.24671	117
117	74
3.74219	5.24562	279
3.15934	5.35723	281
3.25176	4.80858	283
3.67489	4.85354	282
4.97297	4.24853	118
118
9.77553	7.13217	463
9.6025	6.29342	194
10.8198	6.09257	464
10.8603	7.12051	185
4.98647	4.24963	119
119
3	8	169
2	8	170
1.65225	7.12264	496
2.79172	7.19078	479
1	0	120
120
5.30733	3.72906	906
5.3445	3.64578	333
5.45595	3.68497	328
5.37596	3.77271	325
2	0	121
121
3.13789	1.82545	471
3.42952	2.29517	495
3.07003	2.57199	900
2.68519	2.25229	472
3	0	122
122
3.82534	3.00101	293
4.14796	2.92411	294
4.23184	3.25348	916
3.91654	3.2824	292
4	0	123
123
5.04182	3.64188	400
5.00271	3.57273	396
5.08306	3.50154	395
5.12805	3.58817	387
5	0	124
124
5.19902	3.84871	47
5.21875	3.83896	754
5.22338	3.85817	254
5.20692	3.8597	46
6	0	125
125
5.42382	4.09814	926
5.48314	4.14464	237
5.4339	4.19891	885
5.3912	4.14592	251
7	0	126
126	127
5.3912	4.14592	251
5.4339	4.19891	885
5.38788	4.24545	714
5.34075	4.1882	669
8	0	127
127	126
15.9268	6.42493	781
15.8643	7.22114	176
14.934	7.19909	512
14.9687	6.39475	808
9	0	128
128
8.70298	5.42878	195
8.91151	4.72878	198
9.67788	4.81081	486
9.59025	5.51399	485
10	0	129
129	1
12	8	160
11	8	161
10.8603	7.12051	185
11.9514	7.13588	490
11	0	130
130
4	0	123
4.52719	0.887207	441
4.14018	1.13253	843
3.65943	0.987709	183
12	0	131
131	374
5.24135	3.64591	386
5.23925	3.53954	335
5.38457	3.51422	334
5.3445	3.64578	333
13	0	132
132
9.77553	7.13217	463
10.8603	7.12051	185
11	8	161
10	8	162
14	0	133
133
10.6136	4.83739	734
9.67788	4.81081	486
9.81013	4.12319	813
10.4027	4.18697	340
15	0	134
134
6.43162	5.82949	257
6.59808	5.44805	764
7.09818	5.56224	390
6.93689	5.9771	826
16	0	135
135
4.7477	4.33327	582
4.73531	4.4085	887
4.65366	4.41002	918
4.67866	4.31852	321
17	0	136
136
1.09067	4.22952	178
0	4	142
0	3	143
0.923634	3.18918	473
18	0	137
137
0.923634	3.18918	473
0	3	143
0	2	144
1.05602	2.37532	187
19	0	138
138
4.86267	4.22682	314
4.87745	4.23246	800
4.87443	4.24767	716
4.8552	4.24488	766
0	7	139
139	266
15.8797	2.29102	438
15.8084	1.50747	871
16.6288	1.33167	891
16.8067	2.13436	439
0	6	140
140
4.48082	4.14732	427
4.44797	4.31417	448
4.28116	4.37242	449
4.25439	4.19023	428
0	5	141
141
1.73026	0.869186	191
2	0	121
3	0	122
2.72609	1.09672	469
0	4	142
142
5.09359	4.31847	877
5.10443	4.28846	664
5.13773	4.28911	873
5.13083	4.32839	653
0	3	143
143	232
6.82936	6.42226	546
6.29459	6.23861	785
6.43162	5.82949	257
6.93689	5.9771	826
0	2	144
144
4.85187	4.27625	638
4.81672	4.25917	637
4.83415	4.23421	636
4.8552	4.24488	766
0	1	145
145
4.78773	3.60982	897
4.77378	3.67595	411
4.66697	3.64012	412
4.7388	3.53521	410
20	1	146
146	29	395
7.33848	5.09929	199
7.05299	4.51019	201
7.44587	4.25946	203
7.64235	4.59936	200
20	2	147
147
5.72773	4.16247	213
5.7217	4.01896	385
5.86959	3.98506	796
5.8926	4.17989	210
20	3	148
148	234
4.44797	4.31417	448
4.48082	4.14732	427
4.59643	4.17701	429
4.5789	4.26591	447
20	4	149
149
3.82534	3.00101	293
3.91654	3.2824	292
3.69189	3.32922	921
3.54398	3.14558	291
20	5	150
150
8.14988	0.755969	898
7.43518	1.00694	467
7	0	126
8	0	127
20	6	151
151
9.59025	5.51399	485
10.2848	5.50067	465
10.8198	6.09257	464
9.6025	6.29342	194
20	7	152
152	116
4.96261	4.32384	925
4.98879	4.36592	646
4.92971	4.38727	645
4.9224	4.33708	644
19	8	153
153	556
1.09067	4.22952	178
1.83106	3.84915	475
2.25964	4.31039	852
1.92014	4.78518	476
18	8	154
154
7	0	126
6.4989	0.738749	180
5.92215	0.713343	869
6	0	125
17	8	155
155
2.31832	3.58294	893
1.83106	3.84915	475
1.6679	3.25104	474
2.12071	3.25352	627
16	8	156
156	571
17.4337	1.07268	510
17.6958	1.91742	459
16.8067	2.13436	439
16.6288	1.33167	891
15	8	157
157
5.19972	3.81908	327
5.22538	3.81363	756
5.21875	3.83896	754
5.20257	3.83146	817
14	8	158
158	746
11.9514	7.13588	490
12.031	6.2833	491
13.0343	6.35301	492
12.9671	7.1697	177
13	8	159
159	177
4.48969	5.09101	775
4.3215	5.33588	277
4.09438	5.08385	748
4.32357	4.9282	591
12	8	160
160
5.06729	4.25576	738
5.08636	4.26196	707
5.07687	4.283	667
5.05364	4.27591	739
11	8	161
161	679
4.5789	4.26591	447
4.59643	4.17701	429
4.6729	4.16716	809
4.67616	4.21941	580
10	8	162
162
5.04422	2.93134	912
4.83224	2.84427	301
4.81205	2.48004	300
5.23228	2.57452	302
9	8	163
163
6.63213	4.66684	204
6.51325	4.32126	489
6.86177	4.13138	868
7.05299	4.51019	201
8	8	164
164
1.79041	5.41938	478
0.948945	5.21457	477
1.09067	4.22952	178
1.92014	4.78518	476
7	8	165
165
4	8	168
4.41639	7.06296	454
5.08733	7.18784	890
5	8	167
6	8	166
166
6.47061	3.54899	362
6.20324	3.33403	363
6.43631	2.92993	516
6.74101	3.23997	515
5	8	167
167	62
5.07687	4.283	667
5.08636	4.26196	707
5.11172	4.26122	723
5.10443	4.28846	664
4	8	168
168
13.955	0.81435	506
14.9217	0.795452	175
14.8988	1.58426	508
13.9391	1.62546	507
3	8	169
169
13	0	132
12.973	0.826311	504
12.0011	0.83765	174
12	0	131
2	8	170
170
4.8749	4.34013	642
4.81592	4.32706	641
4.85187	4.27625	638
4.88461	4.29627	643
1	8	171
171	47
12.973	0.826311	504
13	0	132
14	0	133
13.955	0.81435	506
8.68567	7.17367	172
172	379
6.26606	5.05132	205
6.02385	5.04697	207
5.96581	4.85553	821
6.25088	4.76098	206
8.67602	0.669737	173
173
19.0339	6.14513	500
19.0443	5.21418	186
20	5	150
20	6	151
12.0011	0.83765	174
174
18.5371	1.68291	908
19.1733	1.4892	189
20	2	147
18.8301	2.46945	511
14.9217	0.795452	175
175	30
14.934	7.19909	512
15.8643	7.22114	176
16	8	156
15	8	157
15.8643	7.22114	176
176
11.9514	7.13588	490
12.9671	7.1697	177
13	8	159
12	8	160
12.9671	7.1697	177
177	159
13.955	0.81435	506
14	0	133
15	0	134
14.9217	0.795452	175
1.09067	4.22952	178
178
15.8336	0.760073	509
16	0	135
17	0	136
16.4776	0.761392	184
19.0032	3.34322	179
179
19.0032	3.34322	179
18.8301	2.46945	511
20	2	147
20	3	148
6.4989	0.738749	180
180
16	0	135
15.8336	0.760073	509
14.9217	0.795452	175
15	0	134
6.65446	7.05558	181
181
18.0632	4.48849	499
18.0598	5.40247	498
17.047	5.53476	380
17.077	4.64043	381
3.57245	7.08303	182
182	191
17.077	4.64043	381
17.047	5.53476	380
16.0299	5.57791	378
16.0855	4.72596	357
3.65943	0.987709	183
183
15.9711	3.09406	351
15.8797	2.29102	438
16.8067	2.13436	439
16.9449	2.95678	353
16.4776	0.761392	184
184
15.0787	3.97089	349
16.0621	3.89967	352
16.0855	4.72596	357
15.1065	4.77311	356
10.8603	7.12051	185
185
15.0423	5.58288	379
15.1065	4.77311	356
16.0855	4.72596	357
16.0299	5.57791	378
19.0443	5.21418	186
186
16.0621	3.89967	352
17.0325	3.77996	513
17.077	4.64043	381
16.0855	4.72596	357
1.05602	2.37532	187
187
5.27329	3.93641	787
5.30053	3.95495	691
5.2831	3.98088	719
5.2631	3.96047	782
17.4045	7.2193	188
188
17.0325	3.77996	513
16.0621	3.89967	352
15.9711	3.09406	351
16.9449	2.95678	353
19.1733	1.4892	189
189	194
12.9671	7.1697	177
13.9687	7.18677	520
14	8	158
13	8	159
0.885182	6.67457	190
190
17.0325	3.77996	513
18.0059	3.59874	514
18.0632	4.48849	499
17.077	4.64043	381
1.73026	0.869186	191
191	182
17.6958	1.91742	459
17.4337	1.07268	510
18.2653	0.883734	534
18.5371	1.68291	908
7.71109	7.18147	192
192
15.1065	4.77311	356
15.0423	5.58288	379
14.0786	5.58327	519
14.1299	4.79726	518
8.39026	6.25279	193
193
16.0621	3.89967	352
15.0787	3.97089	349
14.9871	3.17564	348
15.9711	3.09406	351
9.6025	6.29342	194
194	189
5.3912	4.14592	251
5.34075	4.1882	669
5.32467	4.12983	670
5.35545	4.10887	704
8.70298	5.42878	195
195
5.46347	3.8486	253
5.37548	3.85222	483
5.35849	3.8231	825
5.37596	3.77271	325
7.63713	5.77586	196
196
14.1071	4.01615	347
15.0787	3.97089	349
15.1065	4.77311	356
14.1299	4.79726	518
7.96669	5.23603	197
197
15	8	157
14	8	158
13.9687	7.18677	520
14.934	7.19909	512
8.91151	4.72878	198
198
13.2041	4.8127	350
13.136	5.5671	866
12.2244	5.50716	502
12.3339	4.82335	850
7.33848	5.09929	199
199	475
5.18043	3.77343	607
5.16718	3.73852	599
5.23408	3.7216	601
5.22077	3.77882	602
7.64235	4.59936	200
200
18.0832	7.15801	613
17.4045	7.2193	188
16.9887	6.58447	493
18.0697	6.30187	621
7.05299	4.51019	201
201
14.1299	4.79726	518
13.2041	4.8127	350
13.1598	4.05928	345
14.1071	4.01615	347
6.67941	5.05145	202
202
5.27329	3.93641	787
5.28676	3.91069	693
5.31671	3.92492	692
5.30053	3.95495	691
7.44587	4.25946	203
203	439
15.0787	3.97089	349
14.1071	4.01615	347
14.0142	3.22934	346
14.9871	3.17564	348
6.63213	4.66684	204
204
4.74077	4.49372	318
4.78825	4.58002	313
4.66454	4.69419	315
4.63209	4.52	316
6.26606	5.05132	205
205
14.1071	4.01615	347
13.1598	4.05928	345
13.0532	3.28113	344
14.0142	3.22934	346
6.25088	4.76098	206
206
3.61829	3.59771	290
3.28115	3.3766	289
3.54398	3.14558	291
3.69189	3.32922	921
6.02385	5.04697	207
207
4.68354	3.84524	417
4.7002	3.89285	436
4.6705	3.91758	909
4.636	3.88974	418
6.12139	4.458	208
208
5.27721	4.21868	660
5.29041	4.17453	662
5.34075	4.1882	669
5.30843	4.24995	661
6.12006	4.15123	209
209
1.95924	6.34142	497
1.79041	5.41938	478
2.4279	5.54994	864
2.44559	5.92136	633
5.8926	4.17989	210
210	659
5.2831	3.98088	719
5.30053	3.95495	691
5.33003	3.97408	690
5.30901	3.99659	689
6.05779	3.92441	211
211
12.031	6.2833	491
11.9514	7.13588	490
10.8603	7.12051	185
10.8198	6.09257	464
5.8494	4.37081	212
212
9	0	128
9.37147	0.757805	794
8.98167	1.08403	538
8.67602	0.669737	173
5.72773	4.16247	213
213
13.1598	4.05928	345
12.2494	4.14138	343
12.082	3.36831	342
13.0532	3.28113	344
5.25404	4.05867	214
214
4.7648	4.12234	806
4.76236	4.14195	713
4.72964	4.14623	722
4.74018	4.11598	578
5.68027	4.31236	215
215	449
5.04045	4.24671	10
5.03257	4.26755	740
5.0233	4.25947	778
5.02703	4.24853	9
5.23946	4.11527	216
216	2
4.73063	3.88281	532
4.73603	3.9063	531
4.71518	3.91774	838
4.7002	3.89285	436
5.54592	4.24115	217
217	819
5.41038	3.26949	376
5.22776	3.07967	616
5.34789	2.89141	303
5.55814	2.94295	304
5.61204	4.12112	218
218	494
4.822	3.78033	544
4.83637	3.75878	567
4.85068	3.77778	403
4.83853	3.79037	622
5.26274	3.98654	219
219
7.33848	5.09929	199
7.09818	5.56224	390
6.59808	5.44805	764
6.67941	5.05145	202
5.49433	4.36922	220
220
5.8804	1.39181	630
5.26878	1.39668	524
5.1794	0.737506	446
5.92215	0.713343	869
5.17352	4.19508	221
221	51
2.72609	1.09672	469
2.11857	1.91306	470
1.39821	1.64798	880
1.73026	0.869186	191
5.20757	4.16301	222
222
7.71109	7.18147	192
6.65446	7.05558	181
6.82936	6.42226	546
7.52041	6.49072	827
5.25907	4.01926	223
223	110
4.63086	3.7887	415
4.56661	3.71633	414
4.66697	3.64012	412
4.69188	3.74735	413
5.22352	4.14038	224
224
12.2494	4.14138	343
11.4344	4.36963	341
10.9479	3.57542	339
12.082	3.36831	342
5.60839	4.49162	225
225
6.12139	4.458	208
5.86826	4.64018	384
5.78746	4.502	807
5.8494	4.37081	212
5.42142	4.4393	226
226
4.23184	3.25348	916
4.17806	3.49119	382
3.9538	3.51591	920
3.91654	3.2824	292
5.13382	4.2276	227
227
5.2831	3.98088	719
5.30901	3.99659	689
5.29235	4.01364	686
5.28089	4.00149	848
5.15515	4.21214	228
228
5.20789	4.25047	658
5.22619	4.21222	659
5.27721	4.21868	660
5.238	4.27453	657
5.46229	4.56281	229
229
5.22619	4.21222	659
5.20789	4.25047	658
5.18681	4.23193	676
5.20159	4.21429	763
5.3198	4.56438	230
230	340	572
3.01608	4.25402	285
3.30163	3.92322	286
3.62287	4.108	570
3.41332	4.42942	284
5.33101	4.73198	231
231	5
5.09359	4.31847	877
5.13083	4.32839	653
5.10431	4.38126	652
5.0802	4.34254	650
5.22365	4.72125	232
232	143	430
4.50512	2.92112	798
4.14796	2.92411	294
4.0285	2.55646	296
4.42265	2.49765	297
7.84303	3.9316	233
233
6.12006	4.15123	209
5.8926	4.17989	210
5.86959	3.98506	796
6.05779	3.92441	211
7.4997	3.5586	234
234	148
5.17397	3.79528	326
5.16066	3.79263	812
5.1561	3.78212	600
5.18043	3.77343	607
8.37182	3.47238	235
235
15.8084	1.50747	871
15.8797	2.29102	438
14.9286	2.3732	840
14.8988	1.58426	508
6.1628	5.36027	236
236	67
8.39026	6.25279	193
9.6025	6.29342	194
9.77553	7.13217	463
8.68567	7.17367	172
5.48314	4.14464	237
237
5.2781	4.02721	861
5.29235	4.01364	686
5.30969	4.03258	684
5.28975	4.04732	683
5.52514	4.0693	238
238	781
16.8067	2.13436	439
17.6958	1.91742	459
17.8743	2.74148	608
16.9449	2.95678	353
5.16989	4.60956	239
239
17	8	155
17.4045	7.2193	188
18.0832	7.15801	613
18	8	154
5.01179	4.26254	240
240	323
18.0598	5.40247	498
18.0632	4.48849	499
19.0313	4.2636	804
19.0443	5.21418	186
5.05133	4.25519	241
241
5.38788	4.24545	714
5.43366	4.30023	727
5.38014	4.35441	244
5.34405	4.2932	668
5.07996	4.24587	242
242	54
12.0011	0.83765	174
12.973	0.826311	504
12.9757	1.65118	749
12.0153	1.67424	505
5.81592	5.28667	243
243
5.10615	4.24161	665
5.11172	4.26122	723
5.08636	4.26196	707
5.09049	4.24631	706
5.38014	4.35441	244
244	686
9.99685	2.39261	338
9.06974	2.71858	261
8.77478	2.06269	521
9.42015	1.66041	364
6.25921	3.78883	245
245
5.44264	4.02411	247
5.3787	4.03292	732
5.36029	3.99888	784
5.3956	3.97133	264
6.14209	3.63774	246
246	723
17	0	136
18	0	137
18.2653	0.883734	534
17.4337	1.07268	510
5.44264	4.02411	247
247
19.0443	5.21418	186
19.0339	6.14513	500
18.0697	6.30187	621
18.0598	5.40247	498
5.47459	3.96671	248
248
10.0442	1.01323	482
10.4273	1.69944	453
9.99685	2.39261	338
9.42015	1.66041	364
5.24674	3.90407	249
249
5.07943	3.71888	595
5.07774	3.68477	434
5.14422	3.6762	598
5.10882	3.72548	596
5.25392	3.94703	250
250
5.0917	3.74756	329
5.07312	3.74216	820
5.07943	3.71888	595
5.10882	3.72548	596
5.3912	4.14592	251
251	752
4.86679	3.76756	629
4.85068	3.77778	403
4.83637	3.75878	567
4.86006	3.74389	566
5.55459	3.96251	252
252	531
5.54592	4.24115	217
5.68027	4.31236	215
5.60839	4.49162	225
5.49433	4.36922	220
5.46347	3.8486	253
253
4.8552	4.24488	766
4.83415	4.23421	636
4.84775	4.21848	923
4.86267	4.22682	314
5.22338	3.85817	254
254
5.05953	5.70813	268
4.89406	5.96778	274
4.56156	5.91196	276
4.70705	5.46108	275
5.99222	5.69357	255
255
5.25803	4.13183	702
5.23946	4.11527	216
5.24578	4.09975	720
5.26318	4.10484	718
5.60834	5.5672	256
256
4.23238	4.67687	590
4.45634	4.6867	322
4.45919	4.83434	881
4.32357	4.9282	591
6.43162	5.82949	257
257
5.25076	3.92045	803
5.24674	3.90407	249
5.26473	3.90116	757
5.26176	3.92174	786
7.77285	3.11153	258
258
16.9887	6.58447	493
17.4045	7.2193	188
17	8	155
16.5485	7.24767	735
8.53206	2.88441	259
259
4.74656	3.74327	563
4.74264	3.78077	430
4.71646	3.79828	903
4.69188	3.74735	413
9.14624	3.40561	260
260
5.37538	3.9019	698
5.37548	3.85222	483
5.46347	3.8486	253
5.43787	3.92313	888
9.06974	2.71858	261
261	72
9.99685	2.39261	338
9.93775	3.38095	262
9.14624	3.40561	260
9.06974	2.71858	261
9.93775	3.38095	262
262
10.0442	1.01323	482
10	0	129
11	0	130
11.0594	0.87082	834
5.66969	4.70926	263
263	90
4.59588	4.90368	374
4.48969	5.09101	775
4.32357	4.9282	591
4.45919	4.83434	881
5.3956	3.97133	264
264
7.18912	2.91076	265
6.74557	2.48066	361
7.18095	2.05143	393
7.45425	2.44877	332
7.18912	2.91076	265
265
4.87443	4.24767	716
4.87463	4.26284	700
4.85187	4.27625	638
4.8552	4.24488	766
5.82514	6.07225	266
266	139
5.24674	3.90407	249
5.24023	3.88794	750
5.26089	3.8752	751
5.26473	3.90116	757
5.41363	5.91137	267
267
0	7	139
0.908414	7.43325	836
1	8	171
0	8	6
5.05953	5.70813	268
268
17.047	5.53476	380
16.9887	6.58447	493
15.9268	6.42493	781
16.0299	5.57791	378
5.07158	4.70886	269
269
5.01435	4.28108	710
5.03257	4.26755	740
5.05364	4.27591	739
5.03764	4.29699	711
5.00207	4.62597	270
270	679
20	3	148
20	4	149
19.0313	4.2636	804
19.0032	3.34322	179
4.94614	4.68212	271
271
4.74698	4.21756	677
4.78626	4.2327	584
4.76334	4.27729	899
4.71487	4.25605	581
4.93574	4.25474	272
272	104
4.88788	3.6993	632
4.84873	3.70866	568
4.83955	3.65837	776
4.88752	3.65534	433
4.9663	4.26064	273
273	78
0	1	145
0	0	4
1	0	120
0.869902	0.858697	841
4.89406	5.96778	274
274
3.61829	3.59771	290
3.30163	3.92322	286
2.97782	3.66482	288
3.28115	3.3766	289
4.70705	5.46108	275
275
4.73676	4.08101	587
4.75411	4.09949	421
4.74018	4.11598	578
4.71237	4.10307	575
4.56156	5.91196	276
276
4.50512	2.92112	798
4.44214	3.15833	383
4.23184	3.25348	916
4.14796	2.92411	294
4.3215	5.33588	277
277
14.9217	0.795452	175
15.8336	0.760073	509
15.8084	1.50747	871
14.8988	1.58426	508
4.0073	5.75504	278
278
8.37182	3.47238	235
8.53206	2.88441	259
9.06974	2.71858	261
9.14624	3.40561	260
3.74219	5.24562	279
279
20	1	146
19.1223	0.866612	847
19	0	138
20	0	5
3.39128	5.9222	280
280
10.9479	3.57542	339
11.0475	2.5398	535
12.0241	2.52468	617
12.082	3.36831	342
3.15934	5.35723	281
281
4.7579	3.88292	548
4.73063	3.88281	532
4.73123	3.85289	731
4.75763	3.85899	554
3.67489	4.85354	282
282	61
4.52719	0.887207	441
5.1794	0.737506	446
5.26878	1.39668	524
4.71826	1.46874	523
3.25176	4.80858	283
283
5.11172	4.26122	723
5.12336	4.24576	725
5.14145	4.24285	741
5.1388	4.26116	724
3.41332	4.42942	284
284
4.92017	4.23691	114
4.91008	4.25025	736
4.89264	4.24543	445
4.90747	4.23224	113
3.01608	4.25402	285
285
5.22538	3.81363	756
5.22077	3.77882	602
5.27738	3.78169	828
5.25683	3.81584	603
3.30163	3.92322	286
286
11.4045	5.29707	773
11.7211	4.83442	354
12.3339	4.82335	850
12.2244	5.50716	502
3.74735	4.53656	287
287
4.70705	5.46108	275
4.56156	5.91196	276
4.0073	5.75504	278
4.3215	5.33588	277
2.97782	3.66482	288
288
5.27721	4.21868	660
5.25608	4.18576	872
5.26041	4.16389	674
5.29041	4.17453	662
3.28115	3.3766	289
289
4.46897	3.63083	790
4.56661	3.71633	414
4.49798	3.80274	789
4.39134	3.74029	770
3.61829	3.59771	290
290
9.0741	4.06834	501
9.14624	3.40561	260
9.93775	3.38095	262
9.81013	4.12319	813
3.54398	3.14558	291
291
5.35532	4.46483	917
5.42142	4.4393	226
5.46229	4.56281	229
5.3198	4.56438	230
3.91654	3.2824	292
292
2.76166	4.62826	758
2.54692	5.07421	626
1.92014	4.78518	476
2.25964	4.31039	852
3.82534	3.00101	293
293
4.78007	3.81857	542
4.76185	3.79791	876
4.78934	3.7706	561
4.7981	3.8056	543
4.14796	2.92411	294
294
13.0532	3.28113	344
12.9927	2.47369	355
13.9629	2.42908	801
14.0142	3.22934	346
3.33171	2.86093	295
295
4.84873	3.70866	568
4.88788	3.6993	632
4.89128	3.73823	565
4.86006	3.74389	566
4.0285	2.55646	296
296
9.93775	3.38095	262
9.99685	2.39261	338
11.0475	2.5398	535
10.9479	3.57542	339
4.42265	2.49765	297
297
11.0974	1.69433	867
11.0475	2.5398	535
9.99685	2.39261	338
10.4273	1.69944	453
4.0363	3.68714	298
298	14
3.13789	1.82545	471
3.69559	1.6247	494
3.86293	2.12448	310
3.42952	2.29517	495
4.32564	2.04828	299
299
6.20324	3.33403	363
6.14209	3.63774	246
5.98001	3.7166	833
5.86968	3.52139	468
4.81205	2.48004	300
300
5.23736	4.18235	761
5.25608	4.18576	872
5.27721	4.21868	660
5.22619	4.21222	659
4.83224	2.84427	301
301
9.06974	2.71858	261
8.53206	2.88441	259
8.05726	2.46917	612
8.77478	2.06269	521
5.23228	2.57452	302
302
5.3758	4.07253	371
5.3787	4.03292	732
5.44264	4.02411	247
5.42382	4.09814	926
5.34789	2.89141	303
303	525
18.0059	3.59874	514
17.8743	2.74148	608
18.8301	2.46945	511
19.0032	3.34322	179
5.55814	2.94295	304
304	30
5.01435	4.28108	710
4.99345	4.27486	793
4.99679	4.26342	832
5.01179	4.26254	240
5.27669	1.98715	305
305
11.4344	4.36963	341
12.2494	4.14138	343
12.3339	4.82335	850
11.7211	4.83442	354
2.6271	3.96896	306
306
13.0343	6.35301	492
13.136	5.5671	866
14.0786	5.58327	519
14.0094	6.37983	845
4.93384	3.20978	307
307
5.3337	4.0595	822
5.34831	4.03451	688
5.3787	4.03292	732
5.3758	4.07253	371
2.69376	3.33113	308
308
5.81592	5.28667	243
6.02385	5.04697	207
6.26606	5.05132	205
6.1628	5.36027	236
5.09325	4.46286	309
309
4.78169	3.84919	545
4.76582	3.83773	555
4.78007	3.81857	542
4.79207	3.83512	404
3.86293	2.12448	310
310	350
7.77285	3.11153	258
8.37182	3.47238	235
7.84303	3.9316	233
7.4997	3.5586	234
4.96895	4.77105	311
311
5.24853	4.02703	34
5.26275	4.0389	860
5.25433	4.04659	862
5.24671	4.04045	33
4.83487	4.77601	312
312
5.26642	4.00686	882
5.28089	4.00149	848
5.29235	4.01364	686
5.2781	4.02721	861
4.78825	4.58002	313
313	351
5.17397	3.79528	326
5.18043	3.77343	607
5.22077	3.77882	602
5.19013	3.80405	810
4.86267	4.22682	314
314
11.4344	4.36963	341
11.7211	4.83442	354
11.4045	5.29707	773
10.6136	4.83739	734
4.66454	4.69419	315
315	404
17.0325	3.77996	513
16.9449	2.95678	353
17.8743	2.74148	608
18.0059	3.59874	514
4.63209	4.52	316
316
5.43787	3.92313	888
5.46347	3.8486	253
5.55459	3.96251	252
5.47459	3.96671	248
4.82049	4.18503	317
317
5.29271	4.88758	359
5.18681	5.04893	457
5.03926	4.90665	879
5.15878	4.80372	747
4.74077	4.49372	318
318
4.23184	3.25348	916
4.43445	3.4094	791
4.34369	3.5437	771
4.17806	3.49119	382
4.56755	4.40093	319
319
9.42015	1.66041	364
8.77478	2.06269	521
8.41334	1.42968	829
8.98167	1.08403	538
4.77699	4.13065	320
320
4.32244	3.86328	769
4.39134	3.74029	770
4.49798	3.80274	789
4.45395	3.90231	442
4.67866	4.31852	321
321
7.18095	2.05143	393
7.76892	1.72212	455
8.05726	2.46917	612
7.45425	2.44877	332
4.45634	4.6867	322
322
19.0255	7.07488	837
19	8	153
18	8	154
18.0832	7.15801	613
5.66125	3.88612	323
323	240	617
5.05364	4.27591	739
5.07687	4.283	667
5.06437	4.30825	884
5.03764	4.29699	711
5.56569	3.76917	324
324
7.18912	2.91076	265
7.45425	2.44877	332
8.05726	2.46917	612
7.77285	3.11153	258
5.37596	3.77271	325
325
5.10431	4.38126	652
5.17441	4.40004	654
5.17394	4.48038	721
5.09325	4.46286	309
5.17397	3.79528	326
326
5.16989	4.60956	239
5.3198	4.56438	230
5.33101	4.73198	231
5.22365	4.72125	232
5.19972	3.81908	327
327
1.83106	3.84915	475
2.31832	3.58294	893
2.6271	3.96896	306
2.25964	4.31039	852
5.45595	3.68497	328
328
4.39134	3.74029	770
4.32244	3.86328	769
4.17102	3.79923	914
4.26817	3.66882	367
5.0917	3.74756	329
329
5.20029	3.40898	375
5.23925	3.53954	335
5.12805	3.58817	387
5.08306	3.50154	395
5.12568	3.76479	330
330
4.68354	3.84524	417
4.636	3.88974	418
4.58027	3.85258	419
4.63086	3.7887	415
5.69175	3.66385	331
331
4.70705	5.46108	275
5.00967	5.23464	625
5.2743	5.42013	883
5.05953	5.70813	268
7.45425	2.44877	332
332	678
4.81672	4.25917	637
4.85187	4.27625	638
4.81592	4.32706	641
4.79903	4.2838	583
5.3445	3.64578	333
333
4.88752	3.65534	433
4.83955	3.65837	776
4.83504	3.58921	408
4.90129	3.59548	863
5.38457	3.51422	334
334	817
4.0363	3.68714	298
3.84063	3.85224	365
3.61829	3.59771	290
3.9538	3.51591	920
5.23925	3.53954	335
335
4.95694	3.72077	557
4.93151	3.69419	551
4.97702	3.66512	440
4.99005	3.7002	550
5.03532	3.74076	336
336	49
0.948945	5.21457	477
0.917884	6.07999	835
0	6	140
0	5	141
4.5221	6.43149	337
337	491
12.9927	2.47369	355
13.0532	3.28113	344
12.082	3.36831	342
12.0241	2.52468	617
9.99685	2.39261	338
338
8.91151	4.72878	198
9.0741	4.06834	501
9.81013	4.12319	813
9.67788	4.81081	486
10.9479	3.57542	339
339
5.17261	4.21445	767
5.19379	4.20194	857
5.20159	4.21429	763
5.18681	4.23193	676
10.4027	4.18697	340
340	230	572	639
4.87507	4.64816	892
4.83487	4.77601	312
4.66454	4.69419	315
4.78825	4.58002	313
11.4344	4.36963	341
341
4.99256	4.30341	651
5.01435	4.28108	710
5.03764	4.29699	711
5.01849	4.32402	649
12.082	3.36831	342
342
16.9887	6.58447	493
17.047	5.53476	380
18.0598	5.40247	498
18.0697	6.30187	621
12.2494	4.14138	343
343
4.87032	4.40026	726
4.8749	4.34013	642
4.9224	4.33708	644
4.92971	4.38727	645
13.0532	3.28113	344
344
4.0073	5.75504	278
3.74219	5.24562	279
4.09438	5.08385	748
4.3215	5.33588	277
13.1598	4.05928	345
345
5.44264	4.02411	247
5.3956	3.97133	264
5.43787	3.92313	888
5.47459	3.96671	248
14.0142	3.22934	346
346
3.15934	5.35723	281
3.74219	5.24562	279
4.0073	5.75504	278
3.39128	5.9222	280
14.1071	4.01615	347
347
5.26318	4.10484	718
5.26296	4.08516	853
5.27994	4.08002	681
5.28589	4.10403	680
14.9871	3.17564	348
348
3.65508	2.67732	777
3.33171	2.86093	295
3.07003	2.57199	900
3.42952	2.29517	495
15.0787	3.97089	349
349
4.78169	3.84919	545
4.77443	3.86436	553
4.75763	3.85899	554
4.76582	3.83773	555
13.2041	4.8127	350
350	310
5.26642	4.00686	882
5.2781	4.02721	861
5.26275	4.0389	860
5.25907	4.01926	223
15.9711	3.09406	351
351	313	470
4.81971	5.00415	624
5.03926	4.90665	879
5.18681	5.04893	457
5.00967	5.23464	625
16.0621	3.89967	352
352
5.09325	4.46286	309
5.17394	4.48038	721
5.16989	4.60956	239
5.0607	4.54763	913
16.9449	2.95678	353
353
5.14422	3.6762	598
5.24135	3.64591	386
5.23408	3.7216	601
5.16718	3.73852	599
11.7211	4.83442	354
354
8.37182	3.47238	235
7.77285	3.11153	258
8.05726	2.46917	612
8.53206	2.88441	259
12.9927	2.47369	355
355
5.13196	6.39576	744
5.75271	6.54808	360
5.84294	7.20023	481
5.08733	7.18784	890
15.1065	4.77311	356
356	9
4.62044	3.98987	780
4.5524	4.00469	425
4.55178	3.92606	424
4.61596	3.93923	423
16.0855	4.72596	357
357	366
5.60834	5.5672	256
5.81592	5.28667	243
6.1628	5.36027	236
5.99222	5.69357	255
4.22045	1.552	358
358
4.7579	3.88292	548
4.75405	3.90354	437
4.73603	3.9063	531
4.73063	3.88281	532
5.29271	4.88758	359
359
5.16718	3.73852	599
5.14382	3.77119	606
5.12568	3.76479	330
5.12565	3.74442	605
5.75271	6.54808	360
360
4.06208	3.97083	366
3.95598	4.25385	484
3.62287	4.108	570
3.84063	3.85224	365
6.74557	2.48066	361
361	64
5.49433	4.36922	220
5.60839	4.49162	225
5.46229	4.56281	229
5.42142	4.4393	226
6.47061	3.54899	362
362
4.72111	3.95109	527
4.73743	3.96285	369
4.73068	3.98213	533
4.70543	3.97955	528
6.20324	3.33403	363
363
15.8643	7.22114	176
16.5485	7.24767	735
17	8	155
16	8	156
9.42015	1.66041	364
364
5.46347	3.8486	253
5.37596	3.77271	325
5.45595	3.68497	328
5.56569	3.76917	324
3.84063	3.85224	365
365
4.65108	3.94344	549
4.66779	3.97632	432
4.62044	3.98987	780
4.61596	3.93923	423
4.06208	3.97083	366
366	357
5.84294	7.20023	481
6	8	166
5	8	167
5.08733	7.18784	890
4.26817	3.66882	367
367
8.70298	5.42878	195
7.96669	5.23603	197
8.18103	4.49509	614
8.91151	4.72878	198
4.73819	4.01065	368
368
5.28589	4.10403	680
5.27994	4.08002	681
5.30199	4.07037	682
5.31222	4.09655	673
4.73743	3.96285	369
369
4.42265	2.49765	297
4.32564	2.04828	299
4.78645	2.00135	623
4.81205	2.48004	300
4.74459	3.92444	370
370
4.26986	4.01452	619
4.06208	3.97083	366
4.17102	3.79923	914
4.32244	3.86328	769
5.3758	4.07253	371
371
5.3337	4.0595	822
5.3758	4.07253	371
5.35545	4.10887	704
5.33394	4.08824	685
5.31327	3.79798	372
372	685
9.0741	4.06834	501
8.56857	4.01869	889
8.37182	3.47238	235
9.14624	3.40561	260
3.98097	4.80089	373
373
4.22045	1.552	358
4.14018	1.13253	843
4.52719	0.887207	441
4.71826	1.46874	523
4.59588	4.90368	374
374	131
5.14661	4.21927	795
5.1403	4.20692	18
5.15129	4.19902	19
5.15515	4.21214	228
5.20029	3.40898	375
375	600
5.23657	4.15611	760
5.23736	4.18235	761
5.21922	4.17387	854
5.2232	4.1609	772
5.41038	3.26949	376
376
3.30163	3.92322	286
3.01608	4.25402	285
2.6271	3.96896	306
2.97782	3.66482	288
5.68033	3.35923	377
377
5.26275	4.0389	860
5.24853	4.02703	34
5.24963	4.01353	35
5.25907	4.01926	223
16.0299	5.57791	378
378
13.9391	1.62546	507
12.9757	1.65118	749
12.973	0.826311	504
13.955	0.81435	506
15.0423	5.58288	379
379	172
2.11857	1.91306	470
2.68519	2.25229	472
2.42879	2.8655	589
1.79881	2.59691	540
17.047	5.53476	380
380
4.56661	3.71633	414
4.46897	3.63083	790
4.56194	3.52367	416
4.66697	3.64012	412
17.077	4.64043	381
381
5.05272	4.33892	905
5.0802	4.34254	650
5.10431	4.38126	652
5.04336	4.38053	648
4.17806	3.49119	382
382	66
4.67969	4.08037	576
4.63588	4.11555	818
4.58279	4.07324	904
4.65357	4.03789	431
4.44214	3.15833	383
383
2	8	170
1	8	171
0.908414	7.43325	836
1.65225	7.12264	496
5.86826	4.64018	384
384
5.28589	4.10403	680
5.2905	4.13561	671
5.25803	4.13183	702
5.26318	4.10484	718
5.7217	4.01896	385
385
2.77739	6.50894	774
2.85787	5.99167	452
3.39128	5.9222	280
3.4515	6.47266	451
5.24135	3.64591	386
386
5.0917	3.74756	329
5.10882	3.72548	596
5.12565	3.74442	605
5.10545	3.75642	604
5.12805	3.58817	387
387
5.10545	3.75642	604
5.12565	3.74442	605
5.12568	3.76479	330
5.11206	3.76449	631
5.46628	4.24784	388
388
5.41363	5.91137	267
5.60834	5.5672	256
5.99222	5.69357	255
5.82514	6.07225	266
5.80061	3.81416	389
389
4.93151	3.69419	551
4.88788	3.6993	632
4.88752	3.65534	433
4.92203	3.65755	811
7.09818	5.56224	390
390	649
6.25921	3.78883	245
6.05779	3.92441	211
5.98001	3.7166	833
6.14209	3.63774	246
7.34553	6.08132	391
391
5.03257	4.26755	740
5.04045	4.24671	10
5.05374	4.24416	11
5.05133	4.25519	241
5.4899	4.93824	392
392
0	2	144
0.807441	1.46992	522
1.39821	1.64798	880
1.05602	2.37532	187
7.18095	2.05143	393
393	684
4.41639	7.06296	454
4.0007	6.88274	560
3.99601	6.41659	745
4.5221	6.43149	337
6.29913	2.16977	394
394
4.78773	3.60982	897
4.7388	3.53521	410
4.84106	3.46658	409
4.83504	3.58921	408
5.08306	3.50154	395
395	146
12.9671	7.1697	177
13.0343	6.35301	492
14.0094	6.37983	845
13.9687	7.18677	520
5.00271	3.57273	396
396
10.9479	3.57542	339
11.4344	4.36963	341
10.6136	4.83739	734
10.4027	4.18697	340
4.91897	3.74847	397
397
5.02077	3.71994	593
4.99731	3.72319	733
4.99005	3.7002	550
5.02473	3.69394	461
4.94914	3.74162	398
398	49	79
4.58279	4.07324	904
4.48082	4.14732	427
4.43925	4.01543	426
4.5524	4.00469	425
4.978	3.73336	399
399
4.87507	4.64816	892
4.94614	4.68212	271
4.96895	4.77105	311
4.83487	4.77601	312
5.04182	3.64188	400
400
0	7	139
0	6	140
0.917884	6.07999	835
0.885182	6.67457	190
4.94937	3.6261	401
401
5.30901	3.99659	689
5.33146	4.01616	687
5.30969	4.03258	684
5.29235	4.01364	686
4.81935	3.80396	402
402
4.66454	4.69419	315
4.45634	4.6867	322
4.46822	4.48567	911
4.63209	4.52	316
4.85068	3.77778	403
403
10.6136	4.83739	734
11.4045	5.29707	773
10.8198	6.09257	464
10.2848	5.50067	465
4.79207	3.83512	404
404	83	315
5.18651	4.18627	856
5.19832	4.17503	855
5.20911	4.18943	762
5.19379	4.20194	857
4.77157	3.87581	405
405
16.0299	5.57791	378
15.9268	6.42493	781
14.9687	6.39475	808
15.0423	5.58288	379
4.88329	3.76268	406
406
5.19832	4.17503	855
5.19054	4.16185	23
5.19902	4.15129	24
5.20757	4.16301	222
4.93732	3.52105	407
407
5.09325	4.46286	309
5.02863	4.43637	816
5.04336	4.38053	648
5.10431	4.38126	652
4.83504	3.58921	408
408
0	2	144
0	1	145
0.869902	0.858697	841
0.807441	1.46992	522
4.84106	3.46658	409
409
4.69819	4.00799	530
4.69849	4.03541	579
4.65357	4.03789	431
4.6741	4.00994	779
4.7388	3.53521	410
410
5.01849	4.32402	649
4.98879	4.36592	646
4.96261	4.32384	925
4.99256	4.30341	651
4.77378	3.67595	411
411
3.69559	1.6247	494
4.22045	1.552	358
4.32564	2.04828	299
3.86293	2.12448	310
4.66697	3.64012	412
412
14.1299	4.79726	518
14.0786	5.58327	519
13.136	5.5671	866
13.2041	4.8127	350
4.69188	3.74735	413
413
10.9479	3.57542	339
10.4027	4.18697	340
9.81013	4.12319	813
9.93775	3.38095	262
4.56661	3.71633	414
414
5.44264	4.02411	247
5.47459	3.96671	248
5.55459	3.96251	252
5.52514	4.0693	238
4.63086	3.7887	415
415
1.65225	7.12264	496
0.908414	7.43325	836
0	7	139
0.885182	6.67457	190
4.56194	3.52367	416
416
4.80365	4.19558	895
4.78562	4.20521	639
4.76828	4.1935	701
4.78467	4.17904	907
4.68354	3.84524	417
417	773
4.46822	4.48567	911
4.45634	4.6867	322
4.23238	4.67687	590
4.32464	4.50211	503
4.636	3.88974	418
418
19.0443	5.21418	186
19.0313	4.2636	804
20	4	149
20	5	150
4.58027	3.85258	419
419
10.0442	1.01323	482
9.37147	0.757805	794
9	0	128
10	0	129
4.74344	4.06133	420
420
7.84303	3.9316	233
7.44587	4.25946	203
7.19517	3.88571	874
7.4997	3.5586	234
4.75411	4.09949	421
421	827
5.8494	4.37081	212
5.78746	4.502	807
5.60839	4.49162	225
5.68027	4.31236	215
4.73995	4.03791	422
422
5.20029	3.40898	375
5.08306	3.50154	395
5.00645	3.42271	839
5.10072	3.28532	615
4.61596	3.93923	423
423	626
5.86968	3.52139	468
5.69175	3.66385	331
5.54957	3.55383	927
5.68033	3.35923	377
4.55178	3.92606	424
424
4.42265	2.49765	297
4.0285	2.55646	296
3.86293	2.12448	310
4.32564	2.04828	299
4.5524	4.00469	425
425
2.12071	3.25352	627
1.6679	3.25104	474
1.79881	2.59691	540
2.42879	2.8655	589
4.43925	4.01543	426
426
18	0	137
19	0	138
19.1223	0.866612	847
18.2653	0.883734	534
4.48082	4.14732	427
427
7.63713	5.77586	196
7.34553	6.08132	391
6.93689	5.9771	826
7.09818	5.56224	390
4.25439	4.19023	428
428
7.33848	5.09929	199
7.64235	4.59936	200
8.18103	4.49509	614
7.96669	5.23603	197
4.59643	4.17701	429
429	473
5.19057	4.32736	655
5.17441	4.40004	654
5.10431	4.38126	652
5.13083	4.32839	653
4.74264	3.78077	430
430	232
5.19054	4.16185	23
5.19832	4.17503	855
5.18651	4.18627	856
5.1815	4.17192	22
4.65357	4.03789	431
431
4.81592	4.32706	641
4.80643	4.40306	444
4.73531	4.4085	887
4.7477	4.33327	582
4.66779	3.97632	432
432
5.31222	4.09655	673
5.33394	4.08824	685
5.35545	4.10887	704
5.32467	4.12983	670
4.88752	3.65534	433
433
2	0	121
1.73026	0.869186	191
0.869902	0.858697	841
1	0	120
5.07774	3.68477	434
434
6.20324	3.33403	363
6.47061	3.54899	362
6.25921	3.78883	245
6.14209	3.63774	246
5.05522	3.74248	435
435
6.67575	3.8197	450
6.96972	3.56183	460
7.19517	3.88571	874
6.86177	4.13138	868
4.7002	3.89285	436
436
5.42142	4.4393	226
5.35532	4.46483	917
5.31082	4.39632	728
5.38014	4.35441	244
4.75405	3.90354	437
437
3.57245	7.08303	182
3.4515	6.47266	451
3.99601	6.41659	745
4.0007	6.88274	560
15.8797	2.29102	438
438
5.29495	3.87876	695
5.32974	3.88835	694
5.31671	3.92492	692
5.28676	3.91069	693
16.8067	2.13436	439
439	203
12	0	131
12.0011	0.83765	174
11.0594	0.87082	834
11	0	130
4.97702	3.66512	440
440
9.42015	1.66041	364
8.98167	1.08403	538
9.37147	0.757805	794
10.0442	1.01323	482
4.52719	0.887207	441
441
14.0142	3.22934	346
13.9629	2.42908	801
14.9286	2.3732	840
14.9871	3.17564	348
4.45395	3.90231	442
442	67	840
4.72638	3.93037	526
4.72111	3.95109	527
4.69445	3.93932	529
4.71518	3.91774	838
4.86778	4.48731	443
443
5.1388	4.26116	724
5.14145	4.24285	741
5.15525	4.23227	844
5.16402	4.25039	666
4.80643	4.40306	444
444
11.0594	0.87082	834
12.0011	0.83765	174
12.0153	1.67424	505
11.0974	1.69433	867
4.89264	4.24543	445
445
5.24963	3.98647	36
5.26274	3.98654	219
5.26642	4.00686	882
5.25	4	0
5.1794	0.737506	446
446
6.65446	7.05558	181
5.84294	7.20023	481
5.75271	6.54808	360
6.0932	6.50535	480
4.5789	4.26591	447
447
5.22338	3.85817	254
5.23835	3.86232	752
5.23052	3.87548	696
5.22249	3.86833	765
4.44797	4.31417	448
448
4.74018	4.11598	578
4.72964	4.14623	722
4.68722	4.13283	577
4.71237	4.10307	575
4.28116	4.37242	449
449	215
8.91151	4.72878	198
8.18103	4.49509	614
8.56857	4.01869	889
9.0741	4.06834	501
6.67575	3.8197	450
450
4.71826	1.46874	523
4.78645	2.00135	623
4.32564	2.04828	299
4.22045	1.552	358
3.4515	6.47266	451
451
5.2631	3.96047	782
5.25392	3.94703	250
5.25414	3.93593	802
5.27329	3.93641	787
2.85787	5.99167	452
452
4.73068	3.98213	533
4.75037	3.98647	91
4.75	4	1
4.74024	3.99714	805
10.4273	1.69944	453
453
5.23228	2.57452	302
4.81205	2.48004	300
4.78645	2.00135	623
5.27669	1.98715	305
4.41639	7.06296	454
454
4.90129	3.59548	863
4.93732	3.52105	407
5.00271	3.57273	396
4.94937	3.6261	401
7.76892	1.72212	455
455
5.00207	4.62597	270
4.94614	4.68212	271
4.87507	4.64816	892
4.93424	4.56303	851
5.42667	5.1684	456
456	800
3.15934	5.35723	281
3.39128	5.9222	280
2.85787	5.99167	452
2.82037	5.64776	620
5.18681	5.04893	457
457
15.8797	2.29102	438
15.9711	3.09406	351
14.9871	3.17564	348
14.9286	2.3732	840
5.24978	4.46124	458
458
20	2	147
19.1733	1.4892	189
19.1223	0.866612	847
20	1	146
17.6958	1.91742	459
459
5.24416	3.94626	39
5.25392	3.94703	250
5.2631	3.96047	782
5.24671	3.95955	38
6.96972	3.56183	460
460
8.98167	1.08403	538
8.41334	1.42968	829
8.14988	0.755969	898
8.67602	0.669737	173
5.02473	3.69394	461
461	683
4.81592	4.32706	641
4.8749	4.34013	642
4.87032	4.40026	726
4.80643	4.40306	444
5.00081	3.73831	462
462
5.23224	4.09253	29
5.24578	4.09975	720
5.23946	4.11527	216
5.22689	4.10497	28
9.77553	7.13217	463
463
5.14145	4.24285	741
5.12336	4.24576	725
5.12059	4.23476	815
5.13382	4.2276	227
10.8198	6.09257	464
464
5.75271	6.54808	360
5.82514	6.07225	266
6.29459	6.23861	785
6.0932	6.50535	480
10.2848	5.50067	465
465	650
4.58027	3.85258	419
4.49798	3.80274	789
4.56661	3.71633	414
4.63086	3.7887	415
4.74372	3.82362	466
466
5.00207	4.62597	270
5.07158	4.70886	269
4.96895	4.77105	311
4.94614	4.68212	271
7.43518	1.00694	467
467
1.39821	1.64798	880
0.807441	1.46992	522
0.869902	0.858697	841
1.73026	0.869186	191
5.86968	3.52139	468
468
4.95019	4.29368	717
4.91937	4.29902	675
4.92088	4.2687	737
4.94664	4.27286	730
2.72609	1.09672	469
469	694
5.25	4	0
5.26642	4.00686	882
5.25907	4.01926	223
5.24963	4.01353	35
2.11857	1.91306	470
470	351
13.2041	4.8127	350
12.3339	4.82335	850
12.2494	4.14138	343
13.1598	4.05928	345
3.13789	1.82545	471
471
5.18681	5.04893	457
5.29271	4.88758	359
5.4899	4.93824	392
5.42667	5.1684	456
2.68519	2.25229	472
472
7.44587	4.25946	203
7.84303	3.9316	233
8.18103	4.49509	614
7.64235	4.59936	200
0.923634	3.18918	473
473	429
6.74101	3.23997	515
6.96972	3.56183	460
6.67575	3.8197	450
6.47061	3.54899	362
1.6679	3.25104	474
474
12.031	6.2833	491
12.2244	5.50716	502
13.136	5.5671	866
13.0343	6.35301	492
1.83106	3.84915	475
475	199
4.78743	4.1553	708
4.77045	4.1618	788
4.76236	4.14195	713
4.7789	4.14132	712
1.92014	4.78518	476
476
5.07312	3.74216	820
5.05522	3.74248	435
5.04767	3.72354	594
5.07943	3.71888	595
0.948945	5.21457	477
477
6.93689	5.9771	826
7.34553	6.08132	391
7.52041	6.49072	827
6.82936	6.42226	546
1.79041	5.41938	478
478
4.26817	3.66882	367
4.34369	3.5437	771
4.46897	3.63083	790
4.39134	3.74029	770
2.79172	7.19078	479
479
15.8336	0.760073	509
16.4776	0.761392	184
16.6288	1.33167	891
15.8084	1.50747	871
6.0932	6.50535	480
480
5.22619	4.21222	659
5.20911	4.18943	762
5.21922	4.17387	854
5.23736	4.18235	761
5.84294	7.20023	481
481
5.55459	3.96251	252
5.46347	3.8486	253
5.56569	3.76917	324
5.66125	3.88612	323
10.0442	1.01323	482
482
5.26041	4.16389	674
5.23657	4.15611	760
5.24129	4.13893	759
5.25803	4.13183	702
5.37548	3.85222	483
483
4.636	3.88974	418
4.61596	3.93923	423
4.55178	3.92606	424
4.58027	3.85258	419
3.95598	4.25385	484
484
2.97782	3.66482	288
2.69376	3.33113	308
3.0291	3.08636	894
3.28115	3.3766	289
9.59025	5.51399	485
485
4.93384	3.20978	307
4.80849	3.06953	517
4.83224	2.84427	301
5.04422	2.93134	912
9.67788	4.81081	486
486
5.24089	3.93312	40
5.25414	3.93593	802
5.25392	3.94703	250
5.24416	3.94626	39
4.92893	3.38761	487
487
5.23835	3.86232	752
5.22338	3.85817	254
5.21875	3.83896	754
5.24678	3.84278	753
4.77622	3.31741	488
488
17	0	136
17.4337	1.07268	510
16.6288	1.33167	891
16.4776	0.761392	184
6.51325	4.32126	489
489
4.81633	4.21705	635
4.83436	4.20661	585
4.84775	4.21848	923
4.83415	4.23421	636
11.9514	7.13588	490
490
1.95924	6.34142	497
0.917884	6.07999	835
0.948945	5.21457	477
1.79041	5.41938	478
12.031	6.2833	491
491	337
6.96972	3.56183	460
6.74101	3.23997	515
7.18912	2.91076	265
7.22276	3.36455	929
13.0343	6.35301	492
492
5.24416	4.05374	32
5.25404	4.05867	214
5.25172	4.07082	705
5.24089	4.06688	31
16.9887	6.58447	493
493
5.41038	3.26949	376
5.20029	3.40898	375
5.10072	3.28532	615
5.22776	3.07967	616
3.69559	1.6247	494
494	218
4.86778	4.48731	443
4.87032	4.40026	726
4.92971	4.38727	645
4.9487	4.44347	679
3.42952	2.29517	495
495
5.72773	4.16247	213
5.61204	4.12112	218
5.63365	4.03572	742
5.7217	4.01896	385
1.65225	7.12264	496
496
4.73676	4.08101	587
4.71168	4.06103	574
4.73029	4.04846	573
4.74344	4.06133	420
1.95924	6.34142	497
497
4.83224	2.84427	301
4.80849	3.06953	517
4.68185	3.15169	922
4.50512	2.92112	798
18.0598	5.40247	498
498
6.67941	5.05145	202
6.59808	5.44805	764
6.1628	5.36027	236
6.26606	5.05132	205
18.0632	4.48849	499
499
5.11172	4.26122	723
5.10615	4.24161	665
5.12059	4.23476	815
5.12336	4.24576	725
19.0339	6.14513	500
500
5.31082	4.39632	728
5.24642	4.36027	663
5.27678	4.30443	823
5.30969	4.32711	699
9.0741	4.06834	501
501	513
5.24135	3.64591	386
5.3445	3.64578	333
5.30733	3.72906	906
5.23408	3.7216	601
12.2244	5.50716	502
502
4.26986	4.01452	619
4.43925	4.01543	426
4.48082	4.14732	427
4.25439	4.19023	428
4.32464	4.50211	503
503
4.5789	4.26591	447
4.56755	4.40093	319
4.46822	4.48567	911
4.44797	4.31417	448
12.973	0.826311	504
504
5.05522	3.74248	435
5.04441	3.74518	819
5.03532	3.74076	336
5.04767	3.72354	594
12.0153	1.67424	505
505
5.23691	4.07983	30
5.24886	4.08444	672
5.24578	4.09975	720
5.23224	4.09253	29
13.955	0.81435	506
506
4.73743	3.96285	369
4.72111	3.95109	527
4.74241	3.94482	525
4.74389	3.956	539
13.9391	1.62546	507
507	590
5.21875	3.83896	754
5.19902	3.84871	47
5.19054	3.83815	48
5.20257	3.83146	817
14.8988	1.58426	508
508
4.91969	3.72923	559
4.93421	3.73211	558
4.93453	3.74433	569
4.91897	3.74847	397
15.8336	0.760073	509
509
4.98879	4.36592	646
5.04336	4.38053	648
5.02863	4.43637	816
4.98931	4.41517	647
17.4337	1.07268	510
510
4.75405	3.90354	437
4.7541	3.91581	547
4.74459	3.92444	370
4.73603	3.9063	531
18.8301	2.46945	511
511
4.55178	3.92606	424
4.45395	3.90231	442
4.49798	3.80274	789
4.58027	3.85258	419
14.934	7.19909	512
512
5.34405	4.2932	668
5.30969	4.32711	699
5.27678	4.30443	823
5.30843	4.24995	661
17.0325	3.77996	513
513	501
4.90129	3.59548	863
4.83504	3.58921	408
4.84106	3.46658	409
4.93732	3.52105	407
18.0059	3.59874	514
514
6.3897	4.0237	743
6.67575	3.8197	450
6.86177	4.13138	868
6.51325	4.32126	489
6.74101	3.23997	515
515
4.23238	4.67687	590
4.32357	4.9282	591
4.09438	5.08385	748
3.98097	4.80089	373
6.43631	2.92993	516
516
5.17441	4.40004	654
5.19057	4.32736	655
5.24642	4.36027	663
5.2236	4.40533	703
4.80849	3.06953	517
517
6.12139	4.458	208
6.12006	4.15123	209
6.3897	4.0237	743
6.51325	4.32126	489
14.1299	4.79726	518
518
3.41332	4.42942	284
3.25176	4.80858	283
2.76166	4.62826	758
3.01608	4.25402	285
14.0786	5.58327	519
519
5.34405	4.2932	668
5.38014	4.35441	244
5.31082	4.39632	728
5.30969	4.32711	699
13.9687	7.18677	520
520
5.15525	4.23227	844
5.14145	4.24285	741
5.13382	4.2276	227
5.14661	4.21927	795
8.77478	2.06269	521
521	671
4.9487	4.44347	679
4.98931	4.41517	647
5.02863	4.43637	816
4.99212	4.49586	746
0.807441	1.46992	522
522
4.65357	4.03789	431
4.58279	4.07324	904
4.5524	4.00469	425
4.62044	3.98987	780
4.71826	1.46874	523
523
5.41038	3.26949	376
5.55814	2.94295	304
5.86109	3.07539	618
5.68033	3.35923	377
5.26878	1.39668	524
524
5.3758	4.07253	371
5.42382	4.09814	926
5.3912	4.14592	251
5.35545	4.10887	704
4.74241	3.94482	525
525	303
6.74557	2.48066	361
6.29913	2.16977	394
6.65402	1.43939	849
7.18095	2.05143	393
4.72638	3.93037	526
526
4.93312	4.24089	115
4.92719	4.249	768
4.91008	4.25025	736
4.92017	4.23691	114
4.72111	3.95109	527
527
4.99212	4.49586	746
4.93424	4.56303	851
4.86778	4.48731	443
4.9487	4.44347	679
4.70543	3.97955	528
528
3.15934	5.35723	281
2.54692	5.07421	626
2.76166	4.62826	758
3.25176	4.80858	283
4.69445	3.93932	529
529
5.30453	3.83355	824
5.33813	3.85926	697
5.32974	3.88835	694
5.29495	3.87876	695
4.69819	4.00799	530
530	843
4.86679	3.76756	629
4.86006	3.74389	566
4.89128	3.73823	565
4.88329	3.76268	406
4.73603	3.9063	531
531	252
4.28116	4.37242	449
4.32464	4.50211	503
4.23238	4.67687	590
4.09255	4.4828	536
4.73063	3.88281	532
532
5.24089	4.06688	31
5.25172	4.07082	705
5.24886	4.08444	672
5.23691	4.07983	30
4.73068	3.98213	533
533
4.76828	4.1935	701
4.78562	4.20521	639
4.78626	4.2327	584
4.74698	4.21756	677
18.2653	0.883734	534
534
5.66819	2.54543	910
6.06473	2.68336	919
5.86109	3.07539	618
5.55814	2.94295	304
11.0475	2.5398	535
535
5.86959	3.98506	796
5.7217	4.01896	385
5.66125	3.88612	323
5.80061	3.81416	389
4.09255	4.4828	536
536
5.05953	5.70813	268
5.41363	5.91137	267
5.13196	6.39576	744
4.89406	5.96778	274
5.78843	2.01707	537
537
5.33101	4.73198	231
5.29271	4.88758	359
5.15878	4.80372	747
5.22365	4.72125	232
8.98167	1.08403	538
538
5.24671	4.04045	33
5.25433	4.04659	862
5.25404	4.05867	214
5.24416	4.05374	32
4.74389	3.956	539
539
4.87111	4.21421	110
4.86267	4.22682	314
4.84775	4.21848	923
4.8597	4.20692	109
1.79881	2.59691	540
540
3.39128	5.9222	280
4.0073	5.75504	278
3.99601	6.41659	745
3.4515	6.47266	451
4.804	3.82328	541
541
5.28676	3.91069	693
5.26473	3.90116	757
5.26089	3.8752	751
5.29495	3.87876	695
4.78007	3.81857	542
542
4.3215	5.33588	277
4.48969	5.09101	775
4.66161	5.17646	901
4.70705	5.46108	275
4.7981	3.8056	543
543	808
6.74557	2.48066	361
6.43631	2.92993	516
6.06473	2.68336	919
6.29913	2.16977	394
4.822	3.78033	544
544
5.1815	4.17192	22
5.18651	4.18627	856
5.17352	4.19508	221
5.17192	4.1815	21
4.78169	3.84919	545
545
4.66779	3.97632	432
4.65108	3.94344	549
4.6705	3.91758	909
4.69445	3.93932	529
6.82936	6.42226	546
546
5.24853	3.97297	37
5.25859	3.97534	783
5.26274	3.98654	219
5.24963	3.98647	36
4.7541	3.91581	547
547
2.42879	2.8655	589
2.86064	2.82782	628
3.0291	3.08636	894
2.69376	3.33113	308
4.7579	3.88292	548
548
5.34075	4.1882	669
5.38788	4.24545	714
5.34405	4.2932	668
5.30843	4.24995	661
4.65108	3.94344	549
549
5.25404	4.05867	214
5.25433	4.04659	862
5.26275	4.0389	860
5.26938	4.06001	859
4.99005	3.7002	550
550
4.14796	2.92411	294
3.82534	3.00101	293
3.65508	2.67732	777
4.0285	2.55646	296
4.93151	3.69419	551
551
4.81935	3.80396	402
4.8133	3.81918	610
4.804	3.82328	541
4.7981	3.8056	543
4.98904	3.74103	552
552
4.71518	3.91774	838
4.73603	3.9063	531
4.74459	3.92444	370
4.72638	3.93037	526
4.77443	3.86436	553
553
5.82514	6.07225	266
5.75271	6.54808	360
5.13196	6.39576	744
5.41363	5.91137	267
4.75763	3.85899	554
554
5.22689	4.10497	28
5.23946	4.11527	216
5.23197	4.1287	902
5.22088	4.1171	27
4.76582	3.83773	555
555
4.91937	4.29902	675
4.95019	4.29368	717
4.96261	4.32384	925
4.9224	4.33708	644
4.96101	3.74294	556
556	153	643
5.12889	4.21421	17
5.13382	4.2276	227
5.12059	4.23476	815
5.1171	4.22088	16
4.95694	3.72077	557
557
5.86826	4.64018	384
5.66969	4.70926	263
5.60839	4.49162	225
5.78746	4.502	807
4.93421	3.73211	558
558
4.8597	4.20692	109
4.84775	4.21848	923
4.83436	4.20661	585
4.84871	4.19902	108
4.91969	3.72923	559
559
4.98879	4.36592	646
4.98931	4.41517	647
4.9487	4.44347	679
4.92971	4.38727	645
4.0007	6.88274	560
560
1.92014	4.78518	476
2.54692	5.07421	626
2.4279	5.54994	864
1.79041	5.41938	478
4.78934	3.7706	561
561	718
5.2831	3.98088	719
5.28089	4.00149	848
5.26642	4.00686	882
5.26274	3.98654	219
4.81353	3.7303	562
562
4.63209	4.52	316
4.65366	4.41002	918
4.73531	4.4085	887
4.74077	4.49372	318
4.74656	3.74327	563
563
4.28116	4.37242	449
4.44797	4.31417	448
4.46822	4.48567	911
4.32464	4.50211	503
4.90391	3.75519	564
564
4.93453	3.74433	569
4.93421	3.73211	558
4.95694	3.72077	557
4.94914	3.74162	398
4.89128	3.73823	565
565
5.17192	4.1815	21
5.17352	4.19508	221
5.16394	4.19901	896
5.16185	4.19054	20
4.86006	3.74389	566
566	655
5.99222	5.69357	255
6.1628	5.36027	236
6.59808	5.44805	764
6.43162	5.82949	257
4.83637	3.75878	567
567
4.8829	4.22088	111
4.87745	4.23246	800
4.86267	4.22682	314
4.87111	4.21421	110
4.84873	3.70866	568
568
4.95955	4.24671	117
4.95116	4.25833	729
4.93574	4.25474	272
4.94626	4.24416	116
4.93453	3.74433	569
569
13.9687	7.18677	520
14.0094	6.37983	845
14.9687	6.39475	808
14.934	7.19909	512
3.62287	4.108	570
570
2.42879	2.8655	589
2.69376	3.33113	308
2.31832	3.58294	893
2.12071	3.25352	627
4.73853	4.02676	571
571	156	691
5.19379	4.20194	857
5.20911	4.18943	762
5.22619	4.21222	659
5.20159	4.21429	763
4.72273	4.03001	572
572	230	340
5.16989	4.60956	239
5.22365	4.72125	232
5.15878	4.80372	747
5.07158	4.70886	269
4.73029	4.04846	573
573
4.83815	4.19054	107
4.82482	4.19543	634
4.82049	4.18503	317
4.82808	4.1815	106
4.71168	4.06103	574
574
5.43366	4.30023	727
5.38788	4.24545	714
5.4339	4.19891	885
5.46628	4.24784	388
4.71237	4.10307	575
575
5.24671	3.95955	38
5.2631	3.96047	782
5.25859	3.97534	783
5.24853	3.97297	37
4.67969	4.08037	576
576
4.75584	3.94626	88
4.74241	3.94482	525
4.74459	3.92444	370
4.75911	3.93312	87
4.68722	4.13283	577
577
2.25964	4.31039	852
2.6271	3.96896	306
3.01608	4.25402	285
2.76166	4.62826	758
4.74018	4.11598	578
578
5.06688	4.24089	12
5.06729	4.25576	738
5.05133	4.25519	241
5.05374	4.24416	11
4.69849	4.03541	579
579
4.56194	3.52367	416
4.46897	3.63083	790
4.34369	3.5437	771
4.43445	3.4094	791
4.67616	4.21941	580
580
4.93384	3.20978	307
4.92893	3.38761	487
4.84106	3.46658	409
4.77622	3.31741	488
4.71487	4.25605	581
581
5.24978	4.46124	458
5.17394	4.48038	721
5.17441	4.40004	654
5.2236	4.40533	703
4.7477	4.33327	582
582
5.24642	4.36027	663
5.31082	4.39632	728
5.24978	4.46124	458
5.2236	4.40533	703
4.79903	4.2838	583
583
5.29271	4.88758	359
5.33101	4.73198	231
5.48848	4.73098	875
5.4899	4.93824	392
4.78626	4.2327	584
584
4.77378	3.67595	411
4.81353	3.7303	562
4.78934	3.7706	561
4.74656	3.74327	563
4.83436	4.20661	585
585
3.95598	4.25385	484
4.06208	3.97083	366
4.26986	4.01452	619
4.25439	4.19023	428
4.72129	4.1918	586
586
4.99679	4.26342	832
4.99345	4.27486	793
4.97595	4.28053	830
4.98129	4.26265	831
4.73676	4.08101	587
587	658
4.84871	4.19902	108
4.83436	4.20661	585
4.82482	4.19543	634
4.83815	4.19054	107
4.7468	4.05137	588
588
4.43445	3.4094	791
4.55038	3.27701	792
4.65869	3.41603	858
4.56194	3.52367	416
2.42879	2.8655	589
589
4.75147	3.97297	90
4.73743	3.96285	369
4.74389	3.956	539
4.75329	3.95955	89
4.23238	4.67687	590
590	507
4.75911	3.93312	87
4.74459	3.92444	370
4.7541	3.91581	547
4.76309	3.92017	86
4.32357	4.9282	591
591
5.22689	3.89503	43
5.24023	3.88794	750
5.24674	3.90407	249
5.23224	3.90747	42
5.01786	3.73747	592
592
4.97595	4.28053	830
4.99345	4.27486	793
5.01435	4.28108	710
4.99256	4.30341	651
5.02077	3.71994	593
593
5.86826	4.64018	384
5.96581	4.85553	821
5.72384	4.93178	797
5.66969	4.70926	263
5.04767	3.72354	594
594
5.10497	4.22689	15
5.10615	4.24161	665
5.09049	4.24631	706
5.09253	4.23224	14
5.07943	3.71888	595
595
5.02703	4.24853	9
5.0233	4.25947	778
5.01179	4.26254	240
5.01353	4.24963	8
5.10882	3.72548	596
596
6.47061	3.54899	362
6.67575	3.8197	450
6.3897	4.0237	743
6.25921	3.78883	245
5.0474	3.70027	597
597	656
4.56156	5.91196	276
4.89406	5.96778	274
5.13196	6.39576	744
4.5221	6.43149	337
5.14422	3.6762	598
598
4.72964	4.14623	722
4.76236	4.14195	713
4.77045	4.1618	788
4.74927	4.17271	678
5.16718	3.73852	599
599
5.16185	4.19054	20
5.16394	4.19901	896
5.15515	4.21214	228
5.15129	4.19902	19
5.1561	3.78212	600
600	375
4.0073	5.75504	278
4.56156	5.91196	276
4.5221	6.43149	337
3.99601	6.41659	745
5.23408	3.7216	601
601
5.0607	4.54763	913
4.99212	4.49586	746
5.02863	4.43637	816
5.09325	4.46286	309
5.22077	3.77882	602
602
4.89503	4.22689	112
4.88819	4.23434	799
4.87745	4.23246	800
4.8829	4.22088	111
5.25683	3.81584	603
603
19.1223	0.866612	847
19.1733	1.4892	189
18.5371	1.68291	908
18.2653	0.883734	534
5.10545	3.75642	604
604
4.75329	3.95955	89
4.74389	3.956	539
4.74241	3.94482	525
4.75584	3.94626	88
5.12565	3.74442	605
605
5.1171	4.22088	16
5.12059	4.23476	815
5.10615	4.24161	665
5.10497	4.22689	15
5.14382	3.77119	606
606
5.1561	3.78212	600
5.14382	3.77119	606
5.16718	3.73852	599
5.18043	3.77343	607
5.18043	3.77343	607
607
5.01353	4.24963	8
5.01179	4.26254	240
4.99679	4.26342	832
5	4.25	2
17.8743	2.74148	608
608
5.10443	4.28846	664
5.09359	4.31847	877
5.06437	4.30825	884
5.07687	4.283	667
4.89413	3.76297	609
609
4.78626	4.2327	584
4.81633	4.21705	635
4.83415	4.23421	636
4.81672	4.25917	637
4.8133	3.81918	610
610
4.73995	4.03791	422
4.7468	4.05137	588
4.74344	4.06133	420
4.73029	4.04846	573
4.83246	3.80071	611
611
4.94626	4.24416	116
4.93574	4.25474	272
4.92719	4.249	768
4.93312	4.24089	115
8.05726	2.46917	612
612
4.93384	3.20978	307
4.77622	3.31741	488
4.68185	3.15169	922
4.80849	3.06953	517
18.0832	7.15801	613
613
4.79308	4.1403	102
4.7789	4.14132	712
4.77699	4.13065	320
4.78579	4.12889	101
8.18103	4.49509	614
614
4.73123	3.85289	731
4.68354	3.84524	417
4.71646	3.79828	903
4.74372	3.82362	466
5.10072	3.28532	615
615
4.97297	4.24853	118
4.9663	4.26064	273
4.95116	4.25833	729
4.95955	4.24671	117
5.22776	3.07967	616
616
18.0697	6.30187	621
19.0339	6.14513	500
19.0255	7.07488	837
18.0832	7.15801	613
12.0241	2.52468	617
617	81	323
4.82808	4.1815	106
4.82049	4.18503	317
4.81079	4.17967	709
4.8185	4.17192	105
5.86109	3.07539	618
618
4.70543	3.97955	528
4.69819	4.00799	530
4.6741	4.00994	779
4.66779	3.97632	432
4.26986	4.01452	619
619
5.23224	3.90747	42
5.24674	3.90407	249
5.25076	3.92045	803
5.23691	3.92017	41
2.82037	5.64776	620
620
4.74927	4.17271	678
4.77045	4.1618	788
4.78467	4.17904	907
4.76828	4.1935	701
18.0697	6.30187	621
621
5.25803	4.13183	702
5.24129	4.13893	759
5.23197	4.1287	902
5.23946	4.11527	216
4.83853	3.79037	622
622
4.75147	4.02703	93
4.73853	4.02676	571
4.73819	4.01065	368
4.75037	4.01353	92
4.78645	2.00135	623
623
4.91897	3.74847	397
4.90391	3.75519	564
4.89128	3.73823	565
4.91969	3.72923	559
4.81971	5.00415	624
624
3.54398	3.14558	291
3.33171	2.86093	295
3.65508	2.67732	777
3.82534	3.00101	293
5.00967	5.23464	625
625
4.93384	3.20978	307
5.10072	3.28532	615
5.00645	3.42271	839
4.92893	3.38761	487
2.54692	5.07421	626
626	423
4.80098	4.15129	103
4.78743	4.1553	708
4.7789	4.14132	712
4.79308	4.1403	102
2.12071	3.25352	627
627
5.22088	4.1171	27
5.23197	4.1287	902
5.22352	4.14038	224
5.21421	4.12889	26
2.86064	2.82782	628
628
4.90747	4.23224	113
4.89264	4.24543	445
4.88819	4.23434	799
4.89503	4.22689	112
4.86679	3.76756	629
629
5.19057	4.32736	655
5.238	4.27453	657
5.27678	4.30443	823
5.24642	4.36027	663
5.8804	1.39181	630
630
3.65943	0.987709	183
4.14018	1.13253	843
4.22045	1.552	358
3.69559	1.6247	494
5.11206	3.76449	631
631
8.37182	3.47238	235
8.56857	4.01869	889
8.18103	4.49509	614
7.84303	3.9316	233
4.88788	3.6993	632
632
5.07983	4.23691	13
5.07996	4.24587	242
5.06729	4.25576	738
5.06688	4.24089	12
2.44559	5.92136	633
633
5.23691	3.92017	41
5.25076	3.92045	803
5.25414	3.93593	802
5.24089	3.93312	40
4.82482	4.19543	634
634
5.23228	2.57452	302
5.34789	2.89141	303
5.22776	3.07967	616
5.04422	2.93134	912
4.81633	4.21705	635
635
5.30453	3.83355	824
5.25683	3.81584	603
5.27738	3.78169	828
5.31327	3.79798	372
4.83415	4.23421	636
636
4.83637	3.75878	567
4.822	3.78033	544
4.78934	3.7706	561
4.81353	3.7303	562
4.81672	4.25917	637
637
5.09253	4.23224	14
5.09049	4.24631	706
5.07996	4.24587	242
5.07983	4.23691	13
4.85187	4.27625	638
638
5.17261	4.21445	767
5.17352	4.19508	221
5.18651	4.18627	856
5.19379	4.20194	857
4.78562	4.20521	639
639	340
4.75037	4.01353	92
4.73819	4.01065	368
4.74024	3.99714	805
4.75	4	1
4.7983	4.16875	640
640
3.42952	2.29517	495
3.86293	2.12448	310
4.0285	2.55646	296
3.65508	2.67732	777
4.81592	4.32706	641
641
4.65366	4.41002	918
4.63209	4.52	316
4.46822	4.48567	911
4.56755	4.40093	319
4.8749	4.34013	642
642
4.97595	4.28053	830
4.99256	4.30341	651
4.96261	4.32384	925
4.95019	4.29368	717
4.88461	4.29627	643
643	556
3.0291	3.08636	894
2.86064	2.82782	628
3.07003	2.57199	900
3.33171	2.86093	295
4.9224	4.33708	644
644
5.66125	3.88612	323
5.7217	4.01896	385
5.63365	4.03572	742
5.55459	3.96251	252
4.92971	4.38727	645
645
4.80946	4.16185	104
4.7983	4.16875	640
4.78743	4.1553	708
4.80098	4.15129	103
4.98879	4.36592	646
646
5.21421	4.12889	26
5.22352	4.14038	224
5.21581	4.15157	928
5.20692	4.1403	25
4.98931	4.41517	647
647
8.77478	2.06269	521
8.05726	2.46917	612
7.76892	1.72212	455
8.41334	1.42968	829
5.04336	4.38053	648
648
4.94937	3.6261	401
4.97702	3.66512	440
4.93151	3.69419	551
4.92203	3.65755	811
5.01849	4.32402	649
649	390
6.43162	5.82949	257
6.29459	6.23861	785
5.82514	6.07225	266
5.99222	5.69357	255
5.0802	4.34254	650
650	465
4.73676	4.08101	587
4.71237	4.10307	575
4.67969	4.08037	576
4.71168	4.06103	574
4.99256	4.30341	651
651
5.81592	5.28667	243
5.72384	4.93178	797
5.96581	4.85553	821
6.02385	5.04697	207
5.10431	4.38126	652
652
5.23925	3.53954	335
5.20029	3.40898	375
5.41038	3.26949	376
5.38457	3.51422	334
5.13083	4.32839	653
653
4.8185	4.17192	105
4.81079	4.17967	709
4.7983	4.16875	640
4.80946	4.16185	104
5.17441	4.40004	654
654
5.17352	4.19508	221
5.17261	4.21445	767
5.15515	4.21214	228
5.16394	4.19901	896
5.19057	4.32736	655
655	566
6.05779	3.92441	211
6.25921	3.78883	245
6.3897	4.0237	743
6.12006	4.15123	209
5.17416	4.27776	656
656	597
5.20692	4.1403	25
5.21581	4.15157	928
5.20757	4.16301	222
5.19902	4.15129	24
5.238	4.27453	657
657
5	4.25	2
4.99679	4.26342	832
4.98129	4.26265	831
4.98647	4.24963	119
5.20789	4.25047	658
658	587
2.85787	5.99167	452
2.44559	5.92136	633
2.4279	5.54994	864
2.82037	5.64776	620
5.22619	4.21222	659
659	210
4.76309	3.92017	86
4.7541	3.91581	547
4.75405	3.90354	437
4.76776	3.90747	85
5.27721	4.21868	660
660
4.70705	5.46108	275
4.66161	5.17646	901
4.81971	5.00415	624
5.00967	5.23464	625
5.30843	4.24995	661
661
4.91969	3.72923	559
4.93151	3.69419	551
4.95694	3.72077	557
4.93421	3.73211	558
5.29041	4.17453	662
662
5.22088	3.8829	44
5.23052	3.87548	696
5.24023	3.88794	750
5.22689	3.89503	43
5.24642	4.36027	663
663	735
3.33171	2.86093	295
3.54398	3.14558	291
3.28115	3.3766	289
3.0291	3.08636	894
5.10443	4.28846	664
664
4.98647	4.24963	119
4.98129	4.26265	831
4.9663	4.26064	273
4.97297	4.24853	118
5.10615	4.24161	665
665
5.08306	3.50154	395
5.00271	3.57273	396
4.93732	3.52105	407
5.00645	3.42271	839
5.16402	4.25039	666
666
4.97595	4.28053	830
4.95019	4.29368	717
4.94664	4.27286	730
4.96018	4.27046	814
5.07687	4.283	667
667	747
4.73123	3.85289	731
4.74372	3.82362	466
4.76582	3.83773	555
4.75763	3.85899	554
5.34405	4.2932	668
668
5.23657	4.15611	760
5.26041	4.16389	674
5.25608	4.18576	872
5.23736	4.18235	761
5.34075	4.1882	669
669
5.61204	4.12112	218
5.52514	4.0693	238
5.55459	3.96251	252
5.63365	4.03572	742
5.32467	4.12983	670
670
5.17261	4.21445	767
5.15525	4.23227	844
5.14661	4.21927	795
5.15515	4.21214	228
5.2905	4.13561	671
671	521
5.23657	4.15611	760
5.22352	4.14038	224
5.23197	4.1287	902
5.24129	4.13893	759
5.24886	4.08444	672
672
4.66454	4.69419	315
4.83487	4.77601	312
4.81971	5.00415	624
4.59588	4.90368	374
5.31222	4.09655	673
673
4.78579	4.12889	101
4.77699	4.13065	320
4.7648	4.12234	806
4.77912	4.1171	100
5.26041	4.16389	674
674
5.20692	3.8597	46
5.22338	3.85817	254
5.22249	3.86833	765
5.21421	3.87111	45
4.91937	4.29902	675
675
5.78843	2.01707	537
5.8804	1.39181	630
6.65402	1.43939	849
6.29913	2.16977	394
5.18681	4.23193	676
676
4.71237	4.10307	575
4.68722	4.13283	577
4.63588	4.11555	818
4.67969	4.08037	576
4.74698	4.21756	677
677
5.00967	5.23464	625
5.18681	5.04893	457
5.42667	5.1684	456
5.2743	5.42013	883
4.74927	4.17271	678
678	332
5.03257	4.26755	740
5.05133	4.25519	241
5.06729	4.25576	738
5.05364	4.27591	739
4.9487	4.44347	679
679	161	270
4.80098	3.84871	80
4.79207	3.83512	404
4.804	3.82328	541
4.80946	3.83815	79
5.28589	4.10403	680
680
5.78843	2.01707	537
5.66819	2.54543	910
5.23228	2.57452	302
5.27669	1.98715	305
5.27994	4.08002	681
681
4.76776	3.90747	85
4.75405	3.90354	437
4.7579	3.88292	548
4.77311	3.89503	84
5.30199	4.07037	682
682
7.43518	1.00694	467
8.14988	0.755969	898
8.41334	1.42968	829
7.76892	1.72212	455
5.28975	4.04732	683
683	461
1.05602	2.37532	187
1.39821	1.64798	880
2.11857	1.91306	470
1.79881	2.59691	540
5.30969	4.03258	684
684	393
5.28975	4.04732	683
5.30969	4.03258	684
5.3337	4.0595	822
5.30199	4.07037	682
5.33394	4.08824	685
685	372
5.06729	4.25576	738
5.07996	4.24587	242
5.09049	4.24631	706
5.08636	4.26196	707
5.29235	4.01364	686
686	244
4.90391	3.75519	564
4.89413	3.76297	609
4.88329	3.76268	406
4.89128	3.73823	565
5.33146	4.01616	687
687
4.66779	3.97632	432
4.69445	3.93932	529
4.72111	3.95109	527
4.70543	3.97955	528
5.34831	4.03451	688
688
4.67616	4.21941	580
4.6729	4.16716	809
4.70702	4.17005	878
4.72129	4.1918	586
5.30901	3.99659	689
689	826
4.79308	3.8597	81
4.78169	3.84919	545
4.79207	3.83512	404
4.80098	3.84871	80
5.33003	3.97408	690
690
2.69376	3.33113	308
2.97782	3.66482	288
2.6271	3.96896	306
2.31832	3.58294	893
5.30053	3.95495	691
691	571
5.25683	3.81584	603
5.24678	3.84278	753
5.21875	3.83896	754
5.22538	3.81363	756
5.31671	3.92492	692
692
4.81935	3.80396	402
4.7981	3.8056	543
4.78934	3.7706	561
4.822	3.78033	544
5.28676	3.91069	693
693
4.92088	4.2687	737
4.93574	4.25474	272
4.95116	4.25833	729
4.94664	4.27286	730
5.32974	3.88835	694
694	469
5.30901	3.99659	689
5.33003	3.97408	690
5.36029	3.99888	784
5.33146	4.01616	687
5.29495	3.87876	695
695
4.17806	3.49119	382
4.34369	3.5437	771
4.26817	3.66882	367
4.16178	3.61542	870
5.23052	3.87548	696
696
4.66697	3.64012	412
4.56194	3.52367	416
4.65869	3.41603	858
4.7388	3.53521	410
5.33813	3.85926	697
697
4.72111	3.95109	527
4.72638	3.93037	526
4.74459	3.92444	370
4.74241	3.94482	525
5.37538	3.9019	698
698
4.88461	4.29627	643
4.89189	4.26803	715
4.92088	4.2687	737
4.91937	4.29902	675
5.30969	4.32711	699
699
4.75329	4.04045	94
4.73995	4.03791	422
4.73853	4.02676	571
4.75147	4.02703	93
4.87463	4.26284	700
700
5.04422	2.93134	912
5.22776	3.07967	616
5.10072	3.28532	615
4.93384	3.20978	307
4.76828	4.1935	701
701
4.7648	4.12234	806
4.77699	4.13065	320
4.7789	4.14132	712
4.76236	4.14195	713
5.25803	4.13183	702
702
4.48082	4.14732	427
4.58279	4.07324	904
4.63588	4.11555	818
4.59643	4.17701	429
5.2236	4.40533	703
703
4.84106	3.46658	409
4.92893	3.38761	487
5.00645	3.42271	839
4.93732	3.52105	407
5.35545	4.10887	704
704
5.31222	4.09655	673
5.30199	4.07037	682
5.3337	4.0595	822
5.33394	4.08824	685
5.25172	4.07082	705
705
5.21421	3.87111	45
5.22249	3.86833	765
5.23052	3.87548	696
5.22088	3.8829	44
5.09049	4.24631	706
706
5.26089	3.8752	751
5.23835	3.86232	752
5.24678	3.84278	753
5.26764	3.85101	755
5.08636	4.26196	707
707
4.71168	4.06103	574
4.69849	4.03541	579
4.72273	4.03001	572
4.73029	4.04846	573
4.78743	4.1553	708
708
4.77311	3.89503	84
4.7579	3.88292	548
4.77157	3.87581	405
4.77912	3.8829	83
4.81079	4.17967	709
709
4.98647	3.75037	64
4.98904	3.74103	552
5.00081	3.73831	462
5	3.75	3
5.01435	4.28108	710
710
5.23657	4.15611	760
5.2232	4.1609	772
5.21581	4.15157	928
5.22352	4.14038	224
5.03764	4.29699	711
711	720
4.93424	4.56303	851
4.99212	4.49586	746
5.0607	4.54763	913
5.00207	4.62597	270
4.7789	4.14132	712
712
5.20757	4.16301	222
5.21922	4.17387	854
5.20911	4.18943	762
5.19832	4.17503	855
4.76236	4.14195	713
713
15.0423	5.58288	379
14.9687	6.39475	808
14.0094	6.37983	845
14.0786	5.58327	519
5.38788	4.24545	714
714
4.97297	3.75147	65
4.978	3.73336	399
4.98904	3.74103	552
4.98647	3.75037	64
4.89189	4.26803	715
715
5.15129	3.80098	52
5.16066	3.79263	812
5.17397	3.79528	326
5.16185	3.80946	51
4.87443	4.24767	716
716
4.77912	4.1171	100
4.7648	4.12234	806
4.76363	4.10678	865
4.77311	4.10497	99
4.95019	4.29368	717
717
3.15934	5.35723	281
2.82037	5.64776	620
2.4279	5.54994	864
2.54692	5.07421	626
5.26318	4.10484	718
718	561
5.72384	4.93178	797
5.4899	4.93824	392
5.48848	4.73098	875
5.66969	4.70926	263
5.2831	3.98088	719
719
5.21922	4.17387	854
5.20757	4.16301	222
5.21581	4.15157	928
5.2232	4.1609	772
5.24578	4.09975	720
720	711
4.74656	3.74327	563
4.78934	3.7706	561
4.76185	3.79791	876
4.74264	3.78077	430
5.17394	4.48038	721
721
4.93312	3.75911	68
4.93453	3.74433	569
4.94914	3.74162	398
4.94626	3.75584	67
4.72964	4.14623	722
722
5.3787	4.03292	732
5.34831	4.03451	688
5.33146	4.01616	687
5.36029	3.99888	784
5.11172	4.26122	723
723	246
4.95955	3.75329	66
4.96101	3.74294	556
4.978	3.73336	399
4.97297	3.75147	65
5.1388	4.26116	724
724
5.02473	3.69394	461
5.0474	3.70027	597
5.04767	3.72354	594
5.02077	3.71994	593
5.12336	4.24576	725
725
5.24678	3.84278	753
5.25683	3.81584	603
5.30453	3.83355	824
5.26764	3.85101	755
4.87032	4.40026	726
726	68
4.78579	3.87111	82
4.77443	3.86436	553
4.78169	3.84919	545
4.79308	3.8597	81
5.43366	4.30023	727
727
5.27721	4.21868	660
5.30843	4.24995	661
5.27678	4.30443	823
5.238	4.27453	657
5.31082	4.39632	728
728
5	3.75	3
5.00081	3.73831	462
5.01786	3.73747	592
5.01353	3.75037	63
4.95116	4.25833	729
729
4.92017	3.76309	69
4.91897	3.74847	397
4.93453	3.74433	569
4.93312	3.75911	68
4.94664	4.27286	730
730
3.95598	4.25385	484
4.09255	4.4828	536
3.94583	4.60158	924
3.74735	4.53656	287
4.73123	3.85289	731
731
2.42879	2.8655	589
2.68519	2.25229	472
3.07003	2.57199	900
2.86064	2.82782	628
5.3787	4.03292	732
732
4.80946	3.83815	79
4.804	3.82328	541
4.8133	3.81918	610
4.8185	3.82808	78
4.99731	3.72319	733
733
4.94626	3.75584	67
4.94914	3.74162	398
4.96101	3.74294	556
4.95955	3.75329	66
10.6136	4.83739	734
734
5.23835	3.86232	752
5.26089	3.8752	751
5.24023	3.88794	750
5.23052	3.87548	696
16.5485	7.24767	735
735	663
4.75584	4.05374	95
4.7468	4.05137	588
4.73995	4.03791	422
4.75329	4.04045	94
4.91008	4.25025	736
736
5.37548	3.85222	483
5.33813	3.85926	697
5.30453	3.83355	824
5.35849	3.8231	825
4.92088	4.2687	737
737
4.77912	3.8829	83
4.77157	3.87581	405
4.77443	3.86436	553
4.78579	3.87111	82
5.06729	4.25576	738
738
5.05374	3.75584	60
5.05522	3.74248	435
5.07312	3.74216	820
5.06688	3.75911	59
5.05364	4.27591	739
739
4.86006	3.74389	566
4.83637	3.75878	567
4.81353	3.7303	562
4.84873	3.70866	568
5.03257	4.26755	740
740
5.1403	3.79308	53
5.1561	3.78212	600
5.16066	3.79263	812
5.15129	3.80098	52
5.14145	4.24285	741
741
5.34789	2.89141	303
5.23228	2.57452	302
5.66819	2.54543	910
5.55814	2.94295	304
5.63365	4.03572	742
742
4.93574	4.25474	272
4.92088	4.2687	737
4.91008	4.25025	736
4.92719	4.249	768
6.3897	4.0237	743
743
4.978	3.73336	399
4.99731	3.72319	733
5.00081	3.73831	462
4.98904	3.74103	552
5.13196	6.39576	744
744
4.75911	4.06688	96
4.74344	4.06133	420
4.7468	4.05137	588
4.75584	4.05374	95
3.99601	6.41659	745
745
5.1815	3.82808	49
5.19972	3.81908	327
5.20257	3.83146	817
5.19054	3.83815	48
4.99212	4.49586	746
746	158
4.98129	4.26265	831
4.97595	4.28053	830
4.96018	4.27046	814
4.9663	4.26064	273
5.15878	4.80372	747
747	667
4.93151	3.69419	551
4.91969	3.72923	559
4.89128	3.73823	565
4.88788	3.6993	632
4.09438	5.08385	748
748
5.16185	3.80946	51
5.17397	3.79528	326
5.19013	3.80405	810
5.17192	3.8185	50
12.9757	1.65118	749
749
4.7579	3.88292	548
4.75763	3.85899	554
4.77443	3.86436	553
4.77157	3.87581	405
5.24023	3.88794	750
750
6.65402	1.43939	849
5.8804	1.39181	630
5.92215	0.713343	869
6.4989	0.738749	180
5.26089	3.8752	751
751
5.06688	3.75911	59
5.07312	3.74216	820
5.0917	3.74756	329
5.07983	3.76309	58
5.23835	3.86232	752
752	251
4.77311	4.10497	99
4.76363	4.10678	865
4.75411	4.09949	421
4.76776	4.09253	98
5.24678	3.84278	753
753
4.80643	4.40306	444
4.87032	4.40026	726
4.86778	4.48731	443
4.80194	4.46145	886
5.21875	3.83896	754
754
4.82808	3.8185	77
4.81935	3.80396	402
4.83246	3.80071	611
4.83815	3.80946	76
5.26764	3.85101	755
755
5.33146	4.01616	687
5.34831	4.03451	688
5.3337	4.0595	822
5.30969	4.03258	684
5.22538	3.81363	756
756
5.26938	4.06001	859
5.26056	4.0738	915
5.25172	4.07082	705
5.25404	4.05867	214
5.26473	3.90116	757
757
4.7981	3.8056	543
4.804	3.82328	541
4.79207	3.83512	404
4.78007	3.81857	542
2.76166	4.62826	758
758
4.90747	3.76776	70
4.90391	3.75519	564
4.91897	3.74847	397
4.92017	3.76309	69
5.24129	4.13893	759
759
4.73819	4.01065	368
4.72194	4.00832	842
4.73068	3.98213	533
4.74024	3.99714	805
5.23657	4.15611	760
760	32
4.73029	4.04846	573
4.72273	4.03001	572
4.73853	4.02676	571
4.73995	4.03791	422
5.23736	4.18235	761
761
5.01353	3.75037	63
5.01786	3.73747	592
5.03532	3.74076	336
5.02703	3.75147	62
5.20911	4.18943	762
762
4.978	3.73336	399
4.96101	3.74294	556
4.94914	3.74162	398
4.95694	3.72077	557
5.20159	4.21429	763
763
4.72129	4.1918	586
4.70702	4.17005	878
4.72964	4.14623	722
4.74927	4.17271	678
6.59808	5.44805	764
764
5.07983	3.76309	58
5.0917	3.74756	329
5.10545	3.75642	604
5.09253	3.76776	57
5.22249	3.86833	765
765
4.7388	3.53521	410
4.65869	3.41603	858
4.77622	3.31741	488
4.84106	3.46658	409
4.8552	4.24488	766
766
5.32974	3.88835	694
5.37538	3.9019	698
5.35495	3.94284	846
5.31671	3.92492	692
5.17261	4.21445	767
767
5.17192	3.8185	50
5.19013	3.80405	810
5.19972	3.81908	327
5.1815	3.82808	49
4.92719	4.249	768
768
4.65869	3.41603	858
4.55038	3.27701	792
4.68185	3.15169	922
4.77622	3.31741	488
4.32244	3.86328	769
769
5.04045	3.75329	61
5.04441	3.74518	819
5.05522	3.74248	435
5.05374	3.75584	60
4.39134	3.74029	770
770	784
5.26473	3.90116	757
5.28676	3.91069	693
5.27329	3.93641	787
5.26176	3.92174	786
4.34369	3.5437	771
771
5.04767	3.72354	594
5.03532	3.74076	336
5.01786	3.73747	592
5.02077	3.71994	593
5.2232	4.1609	772
772
4.80365	4.19558	895
4.78467	4.17904	907
4.7983	4.16875	640
4.81079	4.17967	709
11.4045	5.29707	773
773	107	417
4.76309	4.07983	97
4.73676	4.08101	587
4.74344	4.06133	420
4.75911	4.06688	96
2.77739	6.50894	774
774
5.11172	4.26122	723
5.1388	4.26116	724
5.13773	4.28911	873
5.10443	4.28846	664
4.48969	5.09101	775
775
4.83436	4.20661	585
4.81633	4.21705	635
4.80365	4.19558	895
4.82482	4.19543	634
4.83955	3.65837	776
776
5.60839	4.49162	225
5.66969	4.70926	263
5.48848	4.73098	875
5.46229	4.56281	229
3.65508	2.67732	777
777
4.8185	3.82808	78
4.8133	3.81918	610
4.81935	3.80396	402
4.82808	3.8185	77
5.0233	4.25947	778
778
4.83815	3.80946	76
4.83246	3.80071	611
4.83853	3.79037	622
4.84871	3.80098	75
4.6741	4.00994	779
779
5.3198	4.56438	230
5.46229	4.56281	229
5.48848	4.73098	875
5.33101	4.73198	231
4.62044	3.98987	780
780
5.26938	4.06001	859
5.26275	4.0389	860
5.2781	4.02721	861
5.28975	4.04732	683
15.9268	6.42493	781
781	238
4.76776	4.09253	98
4.75411	4.09949	421
4.73676	4.08101	587
4.76309	4.07983	97
5.2631	3.96047	782
782
4.89264	4.24543	445
4.91008	4.25025	736
4.92088	4.2687	737
4.89189	4.26803	715
5.25859	3.97534	783
783
5.02703	3.75147	62
5.03532	3.74076	336
5.04441	3.74518	819
5.04045	3.75329	61
5.36029	3.99888	784
784	770
4.74372	3.82362	466
4.71646	3.79828	903
4.74264	3.78077	430
4.76185	3.79791	876
6.29459	6.23861	785
785
5.30053	3.95495	691
5.31671	3.92492	692
5.35495	3.94284	846
5.33003	3.97408	690
5.26176	3.92174	786
786
4.66779	3.97632	432
4.6741	4.00994	779
4.65357	4.03789	431
4.62044	3.98987	780
5.27329	3.93641	787
787
4.81079	4.17967	709
4.82049	4.18503	317
4.82482	4.19543	634
4.80365	4.19558	895
4.77045	4.1618	788
788
4.50512	2.92112	798
4.68185	3.15169	922
4.55038	3.27701	792
4.44214	3.15833	383
4.49798	3.80274	789
789
4.45634	4.6867	322
4.66454	4.69419	315
4.59588	4.90368	374
4.45919	4.83434	881
4.46897	3.63083	790
790
5.09253	3.76776	57
5.10545	3.75642	604
5.11206	3.76449	631
5.10497	3.77311	56
4.43445	3.4094	791
791
4.89503	3.77311	71
4.89413	3.76297	609
4.90391	3.75519	564
4.90747	3.76776	70
4.55038	3.27701	792
792
4.83487	4.77601	312
4.96895	4.77105	311
5.03926	4.90665	879
4.81971	5.00415	624
4.99345	4.27486	793
793
5.12889	3.78579	54
5.14382	3.77119	606
5.1561	3.78212	600
5.1403	3.79308	53
9.37147	0.757805	794
794
5.24886	4.08444	672
5.25172	4.07082	705
5.26056	4.0738	915
5.26296	4.08516	853
5.14661	4.21927	795
795
4.78007	3.81857	542
4.76582	3.83773	555
4.74372	3.82362	466
4.76185	3.79791	876
5.86959	3.98506	796
796
4.61596	3.93923	423
4.636	3.88974	418
4.6705	3.91758	909
4.65108	3.94344	549
5.72384	4.93178	797
797
5.07158	4.70886	269
5.15878	4.80372	747
5.03926	4.90665	879
4.96895	4.77105	311
4.50512	2.92112	798
798
3.98097	4.80089	373
3.94583	4.60158	924
4.09255	4.4828	536
4.23238	4.67687	590
4.88819	4.23434	799
799
4.78825	4.58002	313
4.86778	4.48731	443
4.93424	4.56303	851
4.87507	4.64816	892
4.87745	4.23246	800
800	456
5.16402	4.25039	666
5.17416	4.27776	656
5.13773	4.28911	873
5.1388	4.26116	724
13.9629	2.42908	801
801
5.68033	3.35923	377
5.54957	3.55383	927
5.38457	3.51422	334
5.41038	3.26949	376
5.25414	3.93593	802
802
4.84871	3.80098	75
4.83853	3.79037	622
4.85068	3.77778	403
4.8597	3.79308	74
5.25076	3.92045	803
803
4.9663	4.26064	273
4.96018	4.27046	814
4.94664	4.27286	730
4.95116	4.25833	729
19.0313	4.2636	804
804
5.3956	3.97133	264
5.36029	3.99888	784
5.33003	3.97408	690
5.35495	3.94284	846
4.74024	3.99714	805
805
6.20324	3.33403	363
5.86109	3.07539	618
6.06473	2.68336	919
6.43631	2.92993	516
4.7648	4.12234	806
806
5.3198	4.56438	230
5.24978	4.46124	458
5.31082	4.39632	728
5.35532	4.46483	917
5.78746	4.502	807
807
4.48969	5.09101	775
4.59588	4.90368	374
4.81971	5.00415	624
4.66161	5.17646	901
14.9687	6.39475	808
808	543
4.8829	3.77912	72
4.88329	3.76268	406
4.89413	3.76297	609
4.89503	3.77311	71
4.6729	4.16716	809
809
5.03764	4.29699	711
5.06437	4.30825	884
5.05272	4.33892	905
5.01849	4.32402	649
5.19013	3.80405	810
810	66
5.80061	3.81416	389
5.98001	3.7166	833
6.05779	3.92441	211
5.86959	3.98506	796
4.92203	3.65755	811
811
4.8597	3.79308	74
4.85068	3.77778	403
4.86679	3.76756	629
4.87111	3.78579	73
5.16066	3.79263	812
812
5.16402	4.25039	666
5.15525	4.23227	844
5.17261	4.21445	767
5.18681	4.23193	676
9.81013	4.12319	813
813
5.10497	3.77311	56
5.11206	3.76449	631
5.12568	3.76479	330
5.1171	3.77912	55
4.96018	4.27046	814
814
5.3445	3.64578	333
5.38457	3.51422	334
5.54957	3.55383	927
5.45595	3.68497	328
5.12059	4.23476	815
815
5.1171	3.77912	55
5.12568	3.76479	330
5.14382	3.77119	606
5.12889	3.78579	54
5.02863	4.43637	816
816
4.94937	3.6261	401
4.92203	3.65755	811
4.88752	3.65534	433
4.90129	3.59548	863
5.20257	3.83146	817
817	334
4.87111	3.78579	73
4.86679	3.76756	629
4.88329	3.76268	406
4.8829	3.77912	72
4.63588	4.11555	818
818
4.69445	3.93932	529
4.6705	3.91758	909
4.7002	3.89285	436
4.71518	3.91774	838
5.04441	3.74518	819
819	217
5.26274	3.98654	219
5.25859	3.97534	783
5.2631	3.96047	782
5.2831	3.98088	719
5.07312	3.74216	820
820
6.96972	3.56183	460
7.22276	3.36455	929
7.4997	3.5586	234
7.19517	3.88571	874
5.96581	4.85553	821
821
5.56569	3.76917	324
5.45595	3.68497	328
5.54957	3.55383	927
5.69175	3.66385	331
5.3337	4.0595	822
822
4.83504	3.58921	408
4.83955	3.65837	776
4.77378	3.67595	411
4.78773	3.60982	897
5.27678	4.30443	823
823
4.89264	4.24543	445
4.87443	4.24767	716
4.87745	4.23246	800
4.88819	4.23434	799
5.30453	3.83355	824
824
4.26817	3.66882	367
4.17102	3.79923	914
4.0363	3.68714	298
4.16178	3.61542	870
5.35849	3.8231	825
825
4.6729	4.16716	809
4.68722	4.13283	577
4.72964	4.14623	722
4.70702	4.17005	878
6.93689	5.9771	826
826	689
7.05299	4.51019	201
6.86177	4.13138	868
7.19517	3.88571	874
7.44587	4.25946	203
7.52041	6.49072	827
827	421
5.26296	4.08516	853
5.26056	4.0738	915
5.26938	4.06001	859
5.27994	4.08002	681
5.27738	3.78169	828
828	99
4.68722	4.13283	577
4.6729	4.16716	809
4.59643	4.17701	429
4.63588	4.11555	818
8.41334	1.42968	829
829
4.17806	3.49119	382
4.16178	3.61542	870
4.0363	3.68714	298
3.9538	3.51591	920
4.97595	4.28053	830
830
5.27329	3.93641	787
5.25414	3.93593	802
5.25076	3.92045	803
5.26176	3.92174	786
4.98129	4.26265	831
831
4.75411	4.09949	421
4.76363	4.10678	865
4.7648	4.12234	806
4.74018	4.11598	578
4.99679	4.26342	832
832
3.91654	3.2824	292
3.9538	3.51591	920
3.61829	3.59771	290
3.69189	3.32922	921
5.98001	3.7166	833
833
4.80643	4.40306	444
4.80194	4.46145	886
4.74077	4.49372	318
4.73531	4.4085	887
11.0594	0.87082	834
834
5.09359	4.31847	877
5.0802	4.34254	650
5.05272	4.33892	905
5.06437	4.30825	884
0.917884	6.07999	835
835
5.37596	3.77271	325
5.31327	3.79798	372
5.27738	3.78169	828
5.30733	3.72906	906
0.908414	7.43325	836
836
5.22077	3.77882	602
5.23408	3.7216	601
5.30733	3.72906	906
5.27738	3.78169	828
19.0255	7.07488	837
837
5.69175	3.66385	331
5.80061	3.81416	389
5.66125	3.88612	323
5.56569	3.76917	324
4.71518	3.91774	838
838
5.30453	3.83355	824
5.31327	3.79798	372
5.37596	3.77271	325
5.35849	3.8231	825
5.00645	3.42271	839
839
4.5524	4.00469	425
4.43925	4.01543	426
4.45395	3.90231	442
4.55178	3.92606	424
14.9286	2.3732	840
840	442
3.95598	4.25385	484
4.25439	4.19023	428
4.28116	4.37242	449
4.09255	4.4828	536
0.869902	0.858697	841
841
4.81935	3.80396	402
4.822	3.78033	544
4.83853	3.79037	622
4.83246	3.80071	611
4.72194	4.00832	842
842
5.37548	3.85222	483
5.37538	3.9019	698
5.32974	3.88835	694
5.33813	3.85926	697
4.14018	1.13253	843
843	530
