0
0
51	17
800
0	0	0
0.0416667	0	0
0.0424682	0.0628463	0
0	0.0625	0
0	916	800	1	50
0.0416667	0	0
0.0833333	0	0
0.084944	0.0632088	0
0.0424682	0.0628463	0
1	0	801	2	51
0.0833333	0	0
0.125	0	0
0.127427	0.0636015	0
0.084944	0.0632088	0
2	1	802	3	52
0.125	0	0
0.166667	0	0
0.169916	0.0640416	0
0.127427	0.0636015	0
3	2	803	4	53
0.166667	0	0
0.208333	0	0
0.21241	0.0645518	0
0.169916	0.0640416	0
4	3	804	5	54
0.208333	0	0
0.25	0	0
0.254911	0.0651639	0
0.21241	0.0645518	0
5	4	805	6	55
0.25	0	0
0.291667	0	0
0.297416	0.0659254	0
0.254911	0.0651639	0
6	5	806	7	56
0.291667	0	0
0.333333	0	0
0.339927	0.0669114	0
0.297416	0.0659254	0
7	6	807	8	57
0.333333	0	0
0.375	0	0
0.382443	0.068249	0
0.339927	0.0669114	0
8	7	808	9	58
0.375	0	0
0.416667	0	0
0.424964	0.0701649	0
0.382443	0.068249	0
9	8	809	10	59
0.416667	0	0
0.458333	0	0
0.467493	0.0730879	0
0.424964	0.0701649	0
10	9	810	11	60
0.458333	0	0
0.5	0	0
0.510044	0.0778666	0
0.467493	0.0730879	0
11	10	811	12	61
0.5	0	0
0.541667	0.0111645	0
0.552647	0.0853119	0
0.510044	0.0778666	0
12	11	812	13	62
0.541667	0.0111645	0
0.583333	0.0223291	0
0.595329	0.093761	0
0.552647	0.0853119	0
13	12	813	14	63
0.583333	0.0223291	0
0.625	0.0334936	0
0.638102	0.102805	0
0.595329	0.093761	0
14	13	814	15	64
0.625	0.0334936	0
0.666667	0.0446582	0
0.680986	0.11221	0
0.638102	0.102805	0
15	14	815	16	65
0.666667	0.0446582	0
0.708333	0.0558227	0
0.724012	0.121834	0
0.680986	0.11221	0
16	15	816	17	66
0.708333	0.0558227	0
0.75	0.0669873	0
0.76723	0.131577	0
0.724012	0.121834	0
17	16	817	18	67
0.75	0.0669873	0
0.791667	0.0781518	0
0.810728	0.14136	0
0.76723	0.131577	0
18	17	818	19	68
0.791667	0.0781518	0
0.833333	0.0893164	0
0.854669	0.151092	0
0.810728	0.14136	0
19	18	819	20	69
0.833333	0.0893164	0
0.875	0.100481	0
0.899385	0.16064	0
0.854669	0.151092	0
20	19	820	21	70
0.875	0.100481	0
0.916667	0.111645	0
0.945613	0.169745	0
0.899385	0.16064	0
21	20	821	22	71
0.916667	0.111645	0
0.958333	0.12281	0
0.995127	0.177821	0
0.945613	0.169745	0
22	21	822	23	72
0.958333	0.12281	0
1	0.133975	0
1.05274	0.18333	0
0.995127	0.177821	0
23	22	823	24	73
1	0.133975	0
1.07692	0.133975	0
1.1228	0.184866	0
1.05274	0.18333	0
24	23	824	25	74
1.07692	0.133975	0
1.15385	0.133975	0
1.19471	0.185861	0
1.1228	0.184866	0
25	24	825	26	75
1.15385	0.133975	0
1.23077	0.133975	0
1.26782	0.186515	0
1.19471	0.185861	0
26	25	826	27	76
1.23077	0.133975	0
1.30769	0.133975	0
1.34169	0.186958	0
1.26782	0.186515	0
27	26	827	28	77
1.30769	0.133975	0
1.38462	0.133975	0
1.41606	0.187266	0
1.34169	0.186958	0
28	27	828	29	78
1.38462	0.133975	0
1.46154	0.133975	0
1.49077	0.187484	0
1.41606	0.187266	0
29	28	829	30	79
1.46154	0.133975	0
1.53846	0.133975	0
1.56572	0.187642	0
1.49077	0.187484	0
30	29	830	31	80
1.53846	0.133975	0
1.61538	0.133975	0
1.64084	0.187758	0
1.56572	0.187642	0
31	30	831	32	81
1.61538	0.133975	0
1.69231	0.133975	0
1.71607	0.187843	0
1.64084	0.187758	0
32	31	832	33	82
1.69231	0.133975	0
1.76923	0.133975	0
1.79139	0.187907	0
1.71607	0.187843	0
33	32	833	34	83
1.76923	0.133975	0
1.84615	0.133975	0
1.86678	0.187954	0
1.79139	0.187907	0
34	33	834	35	84
1.84615	0.133975	0
1.92308	0.133975	0
1.94222	0.18799	0
1.86678	0.187954	0
35	34	835	36	85
1.92308	0.133975	0
2	0.133975	0
2.0177	0.188017	0
1.94222	0.18799	0
36	35	836	37	86
2	0.133975	0
2.07692	0.133975	0
2.0932	0.188037	0
2.0177	0.188017	0
37	36	837	38	87
2.07692	0.133975	0
2.15385	0.133975	0
2.16872	0.188053	0
2.0932	0.188037	0
38	37	838	39	88
2.15385	0.133975	0
2.23077	0.133975	0
2.24426	0.188065	0
2.16872	0.188053	0
39	38	839	40	89
2.23077	0.133975	0
2.30769	0.133975	0
2.31981	0.188073	0
2.24426	0.188065	0
40	39	840	41	90
2.30769	0.133975	0
2.38462	0.133975	0
2.39537	0.18808	0
2.31981	0.188073	0
41	40	841	42	91
2.38462	0.133975	0
2.46154	0.133975	0
2.47094	0.188085	0
2.39537	0.18808	0
42	41	842	43	92
2.46154	0.133975	0
2.53846	0.133975	0
2.54651	0.188089	0
2.47094	0.188085	0
43	42	843	44	93
2.53846	0.133975	0
2.61538	0.133975	0
2.62209	0.188092	0
2.54651	0.188089	0
44	43	844	45	94
2.61538	0.133975	0
2.69231	0.133975	0
2.69767	0.188095	0
2.62209	0.188092	0
45	44	845	46	95
2.69231	0.133975	0
2.76923	0.133975	0
2.77325	0.188097	0
2.69767	0.188095	0
46	45	846	47	96
2.76923	0.133975	0
2.84615	0.133975	0
2.84883	0.188098	0
2.77325	0.188097	0
47	46	847	48	97
2.84615	0.133975	0
2.92308	0.133975	0
2.92442	0.1881	0
2.84883	0.188098	0
48	47	848	49	98
2.92308	0.133975	0
3	0.133975	0
3	0.188101	0
2.92442	0.1881	0
49	48	849	850	99
0	0.0625	0
0.0424682	0.0628463	0
0.0433049	0.125679	0
0	0.125	0
50	917	0	51	100
0.0424682	0.0628463	0
0.084944	0.0632088	0
0.086626	0.126389	0
0.0433049	0.125679	0
51	50	1	52	101
0.084944	0.0632088	0
0.127427	0.0636015	0
0.129962	0.127156	0
0.086626	0.126389	0
52	51	2	53	102
0.127427	0.0636015	0
0.169916	0.0640416	0
0.173312	0.128011	0
0.129962	0.127156	0
53	52	3	54	103
0.169916	0.0640416	0
0.21241	0.0645518	0
0.216676	0.128995	0
0.173312	0.128011	0
54	53	4	55	104
0.21241	0.0645518	0
0.254911	0.0651639	0
0.260055	0.13016	0
0.216676	0.128995	0
55	54	5	56	105
0.254911	0.0651639	0
0.297416	0.0659254	0
0.30345	0.131581	0
0.260055	0.13016	0
56	55	6	57	106
0.297416	0.0659254	0
0.339927	0.0669114	0
0.346865	0.13336	0
0.30345	0.131581	0
57	56	7	58	107
0.339927	0.0669114	0
0.382443	0.068249	0
0.390303	0.135645	0
0.346865	0.13336	0
58	57	8	59	108
0.382443	0.068249	0
0.424964	0.0701649	0
0.433775	0.138643	0
0.390303	0.135645	0
59	58	9	60	109
0.424964	0.0701649	0
0.467493	0.0730879	0
0.477295	0.142615	0
0.433775	0.138643	0
60	59	10	61	110
0.467493	0.0730879	0
0.510044	0.0778666	0
0.520892	0.147808	0
0.477295	0.142615	0
61	60	11	62	111
0.510044	0.0778666	0
0.552647	0.0853119	0
0.564601	0.154209	0
0.520892	0.147808	0
62	61	12	63	112
0.552647	0.0853119	0
0.595329	0.093761	0
0.608462	0.161415	0
0.564601	0.154209	0
63	62	13	64	113
0.595329	0.093761	0
0.638102	0.102805	0
0.652514	0.16918	0
0.608462	0.161415	0
64	63	14	65	114
0.638102	0.102805	0
0.680986	0.11221	0
0.696812	0.177315	0
0.652514	0.16918	0
65	64	15	66	115
0.680986	0.11221	0
0.724012	0.121834	0
0.741436	0.185677	0
0.696812	0.177315	0
66	65	16	67	116
0.724012	0.121834	0
0.76723	0.131577	0
0.786509	0.194139	0
0.741436	0.185677	0
67	66	17	68	117
0.76723	0.131577	0
0.810728	0.14136	0
0.832233	0.202574	0
0.786509	0.194139	0
68	67	18	69	118
0.810728	0.14136	0
0.854669	0.151092	0
0.87895	0.210822	0
0.832233	0.202574	0
69	68	19	70	119
0.854669	0.151092	0
0.899385	0.16064	0
0.927251	0.218657	0
0.87895	0.210822	0
70	69	20	71	120
0.899385	0.16064	0
0.945613	0.169745	0
0.978162	0.225718	0
0.927251	0.218657	0
71	70	21	72	121
0.945613	0.169745	0
0.995127	0.177821	0
1.03334	0.231455	0
0.978162	0.225718	0
72	71	22	73	122
0.995127	0.177821	0
1.05274	0.18333	0
1.09464	0.23526	0
1.03334	0.231455	0
73	72	23	74	123
1.05274	0.18333	0
1.1228	0.184866	0
1.16166	0.23727	0
1.09464	0.23526	0
74	73	24	75	124
1.1228	0.184866	0
1.19471	0.185861	0
1.23083	0.238652	0
1.16166	0.23727	0
75	74	25	76	125
1.19471	0.185861	0
1.26782	0.186515	0
1.30148	0.239616	0
1.23083	0.238652	0
76	75	26	77	126
1.26782	0.186515	0
1.34169	0.186958	0
1.37314	0.2403	0
1.30148	0.239616	0
77	76	27	78	127
1.34169	0.186958	0
1.41606	0.187266	0
1.44551	0.240793	0
1.37314	0.2403	0
78	77	28	79	128
1.41606	0.187266	0
1.49077	0.187484	0
1.51838	0.241153	0
1.44551	0.240793	0
79	78	29	80	129
1.49077	0.187484	0
1.56572	0.187642	0
1.59161	0.241419	0
1.51838	0.241153	0
80	79	30	81	130
1.56572	0.187642	0
1.64084	0.187758	0
1.66511	0.241617	0
1.59161	0.241419	0
81	80	31	82	131
1.64084	0.187758	0
1.71607	0.187843	0
1.7388	0.241765	0
1.66511	0.241617	0
82	81	32	83	132
1.71607	0.187843	0
1.79139	0.187907	0
1.81264	0.241877	0
1.7388	0.241765	0
83	82	33	84	133
1.79139	0.187907	0
1.86678	0.187954	0
1.8866	0.241961	0
1.81264	0.241877	0
84	83	34	85	134
1.86678	0.187954	0
1.94222	0.18799	0
1.96063	0.242025	0
1.8866	0.241961	0
85	84	35	86	135
1.94222	0.18799	0
2.0177	0.188017	0
2.03473	0.242073	0
1.96063	0.242025	0
86	85	36	87	136
2.0177	0.188017	0
2.0932	0.188037	0
2.10888	0.24211	0
2.03473	0.242073	0
87	86	37	88	137
2.0932	0.188037	0
2.16872	0.188053	0
2.18306	0.242138	0
2.10888	0.24211	0
88	87	38	89	138
2.16872	0.188053	0
2.24426	0.188065	0
2.25727	0.242159	0
2.18306	0.242138	0
89	88	39	90	139
2.24426	0.188065	0
2.31981	0.188073	0
2.3315	0.242176	0
2.25727	0.242159	0
90	89	40	91	140
2.31981	0.188073	0
2.39537	0.18808	0
2.40575	0.242188	0
2.3315	0.242176	0
91	90	41	92	141
2.39537	0.18808	0
2.47094	0.188085	0
2.48001	0.242198	0
2.40575	0.242188	0
92	91	42	93	142
2.47094	0.188085	0
2.54651	0.188089	0
2.55428	0.242205	0
2.48001	0.242198	0
93	92	43	94	143
2.54651	0.188089	0
2.62209	0.188092	0
2.62856	0.242211	0
2.55428	0.242205	0
94	93	44	95	144
2.62209	0.188092	0
2.69767	0.188095	0
2.70284	0.242216	0
2.62856	0.242211	0
95	94	45	96	145
2.69767	0.188095	0
2.77325	0.188097	0
2.77713	0.242219	0
2.70284	0.242216	0
96	95	46	97	146
2.77325	0.188097	0
2.84883	0.188098	0
2.85142	0.242223	0
2.77713	0.242219	0
97	96	47	98	147
2.84883	0.188098	0
2.92442	0.1881	0
2.92571	0.242225	0
2.85142	0.242223	0
98	97	48	99	148
2.92442	0.1881	0
3	0.188101	0
3	0.242228	0
2.92571	0.242225	0
99	98	49	851	149
0	0.125	0
0.0433049	0.125679	0
0.0441819	0.188476	0
0	0.1875	0
100	918	50	101	150
0.0433049	0.125679	0
0.086626	0.126389	0
0.088389	0.189492	0
0.0441819	0.188476	0
101	100	51	102	151
0.086626	0.126389	0
0.129962	0.127156	0
0.13262	0.190584	0
0.088389	0.189492	0
102	101	52	103	152
0.129962	0.127156	0
0.173312	0.128011	0
0.176875	0.191792	0
0.13262	0.190584	0
103	102	53	104	153
0.173312	0.128011	0
0.216676	0.128995	0
0.221155	0.193164	0
0.176875	0.191792	0
104	103	54	105	154
0.216676	0.128995	0
0.260055	0.13016	0
0.265464	0.194761	0
0.221155	0.193164	0
105	104	55	106	155
0.260055	0.13016	0
0.30345	0.131581	0
0.309807	0.19666	0
0.265464	0.194761	0
106	105	56	107	156
0.30345	0.131581	0
0.346865	0.13336	0
0.354191	0.198954	0
0.309807	0.19666	0
107	106	57	108	157
0.346865	0.13336	0
0.390303	0.135645	0
0.39863	0.201762	0
0.354191	0.198954	0
108	107	58	109	158
0.390303	0.135645	0
0.433775	0.138643	0
0.44314	0.20521	0
0.39863	0.201762	0
109	108	59	110	159
0.433775	0.138643	0
0.477295	0.142615	0
0.487748	0.209419	0
0.44314	0.20521	0
110	109	60	111	160
0.477295	0.142615	0
0.520892	0.147808	0
0.532492	0.214444	0
0.487748	0.209419	0
111	110	61	112	161
0.520892	0.147808	0
0.564601	0.154209	0
0.577416	0.220221	0
0.532492	0.214444	0
112	111	62	113	162
0.564601	0.154209	0
0.608462	0.161415	0
0.622575	0.22659	0
0.577416	0.220221	0
113	112	63	114	163
0.608462	0.161415	0
0.652514	0.16918	0
0.668035	0.233397	0
0.622575	0.22659	0
114	113	64	115	164
0.652514	0.16918	0
0.696812	0.177315	0
0.713885	0.240499	0
0.668035	0.233397	0
115	114	65	116	165
0.696812	0.177315	0
0.741436	0.185677	0
0.760252	0.247764	0
0.713885	0.240499	0
116	115	66	117	166
0.741436	0.185677	0
0.786509	0.194139	0
0.807321	0.255059	0
0.760252	0.247764	0
117	116	67	118	167
0.786509	0.194139	0
0.832233	0.202574	0
0.855369	0.262235	0
0.807321	0.255059	0
118	117	68	119	168
0.832233	0.202574	0
0.87895	0.210822	0
0.904811	0.26911	0
0.855369	0.262235	0
119	118	69	120	169
0.87895	0.210822	0
0.927251	0.218657	0
0.956254	0.275452	0
0.904811	0.26911	0
120	119	70	121	170
0.927251	0.218657	0
0.978162	0.225718	0
1.01052	0.280966	0
0.956254	0.275452	0
121	120	71	122	171
0.978162	0.225718	0
1.03334	0.231455	0
1.06849	0.285347	0
1.01052	0.280966	0
122	121	72	123	172
1.03334	0.231455	0
1.09464	0.23526	0
1.1306	0.288451	0
1.06849	0.285347	0
123	122	73	124	173
1.09464	0.23526	0
1.16166	0.23727	0
1.1961	0.290524	0
1.1306	0.288451	0
124	123	74	125	174
1.16166	0.23727	0
1.23083	0.238652	0
1.26358	0.292023	0
1.1961	0.290524	0
125	124	75	126	175
1.23083	0.238652	0
1.30148	0.239616	0
1.3325	0.293116	0
1.26358	0.292023	0
126	125	76	127	176
1.30148	0.239616	0
1.37314	0.2403	0
1.40247	0.293919	0
1.3325	0.293116	0
127	126	77	128	177
1.37314	0.2403	0
1.44551	0.240793	0
1.4732	0.294515	0
1.40247	0.293919	0
128	127	78	129	178
1.44551	0.240793	0
1.51838	0.241153	0
1.54451	0.29496	0
1.4732	0.294515	0
129	128	79	130	179
1.51838	0.241153	0
1.59161	0.241419	0
1.61624	0.295295	0
1.54451	0.29496	0
130	129	80	131	180
1.59161	0.241419	0
1.66511	0.241617	0
1.68828	0.295547	0
1.61624	0.295295	0
131	130	81	132	181
1.66511	0.241617	0
1.7388	0.241765	0
1.76056	0.295738	0
1.68828	0.295547	0
132	131	82	133	182
1.7388	0.241765	0
1.81264	0.241877	0
1.83303	0.295884	0
1.76056	0.295738	0
133	132	83	134	183
1.81264	0.241877	0
1.8866	0.241961	0
1.90563	0.295994	0
1.83303	0.295884	0
134	133	84	135	184
1.8866	0.241961	0
1.96063	0.242025	0
1.97834	0.296079	0
1.90563	0.295994	0
135	134	85	136	185
1.96063	0.242025	0
2.03473	0.242073	0
2.05113	0.296143	0
1.97834	0.296079	0
136	135	86	137	186
2.03473	0.242073	0
2.10888	0.24211	0
2.12399	0.296193	0
2.05113	0.296143	0
137	136	87	138	187
2.10888	0.24211	0
2.18306	0.242138	0
2.19688	0.296231	0
2.12399	0.296193	0
138	137	88	139	188
2.18306	0.242138	0
2.25727	0.242159	0
2.26982	0.29626	0
2.19688	0.296231	0
139	138	89	140	189
2.25727	0.242159	0
2.3315	0.242176	0
2.34278	0.296282	0
2.26982	0.29626	0
140	139	90	141	190
2.3315	0.242176	0
2.40575	0.242188	0
2.41577	0.296299	0
2.34278	0.296282	0
141	140	91	142	191
2.40575	0.242188	0
2.48001	0.242198	0
2.48877	0.296312	0
2.41577	0.296299	0
142	141	92	143	192
2.48001	0.242198	0
2.55428	0.242205	0
2.56179	0.296323	0
2.48877	0.296312	0
143	142	93	144	193
2.55428	0.242205	0
2.62856	0.242211	0
2.63481	0.296331	0
2.56179	0.296323	0
144	143	94	145	194
2.62856	0.242211	0
2.70284	0.242216	0
2.70784	0.296337	0
2.63481	0.296331	0
145	144	95	146	195
2.70284	0.242216	0
2.77713	0.242219	0
2.78088	0.296342	0
2.70784	0.296337	0
146	145	96	147	196
2.77713	0.242219	0
2.85142	0.242223	0
2.85392	0.296347	0
2.78088	0.296342	0
147	146	97	148	197
2.85142	0.242223	0
2.92571	0.242225	0
2.92696	0.296351	0
2.85392	0.296347	0
148	147	98	149	198
2.92571	0.242225	0
3	0.242228	0
3	0.296354	0
2.92696	0.296351	0
149	148	99	852	199
0	0.1875	0
0.0441819	0.188476	0
0.0451029	0.251219	0
0	0.25	0
150	919	100	151	200
0.0441819	0.188476	0
0.088389	0.189492	0
0.09024	0.252484	0
0.0451029	0.251219	0
151	150	101	152	201
0.088389	0.189492	0
0.13262	0.190584	0
0.135411	0.253833	0
0.09024	0.252484	0
152	151	102	153	202
0.13262	0.190584	0
0.176875	0.191792	0
0.180617	0.255311	0
0.135411	0.253833	0
153	152	103	154	203
0.176875	0.191792	0
0.221155	0.193164	0
0.225863	0.256968	0
0.180617	0.255311	0
154	153	104	155	204
0.221155	0.193164	0
0.265464	0.194761	0
0.271154	0.25886	0
0.225863	0.256968	0
155	154	105	156	205
0.265464	0.194761	0
0.309807	0.19666	0
0.3165	0.261056	0
0.271154	0.25886	0
156	155	106	157	206
0.309807	0.19666	0
0.354191	0.198954	0
0.361915	0.26363	0
0.3165	0.261056	0
157	156	107	158	207
0.354191	0.198954	0
0.39863	0.201762	0
0.407418	0.266662	0
0.361915	0.26363	0
158	157	108	159	208
0.39863	0.201762	0
0.44314	0.20521	0
0.453034	0.270223	0
0.407418	0.266662	0
159	158	109	160	209
0.44314	0.20521	0
0.487748	0.209419	0
0.4988	0.274362	0
0.453034	0.270223	0
160	159	110	161	210
0.487748	0.209419	0
0.532492	0.214444	0
0.544759	0.279082	0
0.4988	0.274362	0
161	160	111	162	211
0.532492	0.214444	0
0.577416	0.220221	0
0.590967	0.28433	0
0.544759	0.279082	0
162	161	112	163	212
0.577416	0.220221	0
0.622575	0.22659	0
0.637495	0.290008	0
0.590967	0.28433	0
163	162	113	164	213
0.622575	0.22659	0
0.668035	0.233397	0
0.684428	0.296007	0
0.637495	0.290008	0
164	163	114	165	214
0.668035	0.233397	0
0.713885	0.240499	0
0.731884	0.302213	0
0.684428	0.296007	0
165	164	115	166	215
0.713885	0.240499	0
0.760252	0.247764	0
0.780017	0.308505	0
0.731884	0.302213	0
166	165	116	167	216
0.760252	0.247764	0
0.807321	0.255059	0
0.829042	0.314754	0
0.780017	0.308505	0
167	166	117	168	217
0.807321	0.255059	0
0.855369	0.262235	0
0.879251	0.320815	0
0.829042	0.314754	0
168	167	118	169	218
0.855369	0.262235	0
0.904811	0.26911	0
0.931029	0.326519	0
0.879251	0.320815	0
169	168	119	170	219
0.904811	0.26911	0
0.956254	0.275452	0
0.984857	0.331679	0
0.931029	0.326519	0
170	169	120	171	220
0.956254	0.275452	0
1.01052	0.280966	0
1.04124	0.336103	0
0.984857	0.331679	0
171	170	121	172	221
1.01052	0.280966	0
1.06849	0.285347	0
1.10056	0.339654	0
1.04124	0.336103	0
172	171	122	173	222
1.06849	0.285347	0
1.1306	0.288451	0
1.16279	0.342333	0
1.10056	0.339654	0
173	172	123	174	223
1.1306	0.288451	0
1.1961	0.290524	0
1.22741	0.344307	0
1.16279	0.342333	0
174	173	124	175	224
1.1961	0.290524	0
1.26358	0.292023	0
1.29373	0.345792	0
1.22741	0.344307	0
175	174	125	176	225
1.26358	0.292023	0
1.3325	0.293116	0
1.36135	0.346912	0
1.29373	0.345792	0
176	175	126	177	226
1.3325	0.293116	0
1.40247	0.293919	0
1.42998	0.347758	0
1.36135	0.346912	0
177	176	127	178	227
1.40247	0.293919	0
1.4732	0.294515	0
1.49935	0.348399	0
1.42998	0.347758	0
178	177	128	179	228
1.4732	0.294515	0
1.54451	0.29496	0
1.56931	0.348887	0
1.49935	0.348399	0
179	178	129	180	229
1.54451	0.29496	0
1.61624	0.295295	0
1.6397	0.349258	0
1.56931	0.348887	0
180	179	130	181	230
1.61624	0.295295	0
1.68828	0.295547	0
1.71043	0.349542	0
1.6397	0.349258	0
181	180	131	182	231
1.68828	0.295547	0
1.76056	0.295738	0
1.78141	0.34976	0
1.71043	0.349542	0
182	181	132	183	232
1.76056	0.295738	0
1.83303	0.295884	0
1.8526	0.349926	0
1.78141	0.34976	0
183	182	133	184	233
1.83303	0.295884	0
1.90563	0.295994	0
1.92394	0.350054	0
1.8526	0.349926	0
184	183	134	185	234
1.90563	0.295994	0
1.97834	0.296079	0
1.99539	0.350152	0
1.92394	0.350054	0
185	184	135	186	235
1.97834	0.296079	0
2.05113	0.296143	0
2.06694	0.350228	0
1.99539	0.350152	0
186	185	136	187	236
2.05113	0.296143	0
2.12399	0.296193	0
2.13855	0.350286	0
2.06694	0.350228	0
187	186	137	188	237
2.12399	0.296193	0
2.19688	0.296231	0
2.21022	0.350331	0
2.13855	0.350286	0
188	187	138	189	238
2.19688	0.296231	0
2.26982	0.29626	0
2.28193	0.350366	0
2.21022	0.350331	0
189	188	139	190	239
2.26982	0.29626	0
2.34278	0.296282	0
2.35368	0.350392	0
2.28193	0.350366	0
190	189	140	191	240
2.34278	0.296282	0
2.41577	0.296299	0
2.42544	0.350413	0
2.35368	0.350392	0
191	190	141	192	241
2.41577	0.296299	0
2.48877	0.296312	0
2.49723	0.350429	0
2.42544	0.350413	0
192	191	142	193	242
2.48877	0.296312	0
2.56179	0.296323	0
2.56903	0.350442	0
2.49723	0.350429	0
193	192	143	194	243
2.56179	0.296323	0
2.63481	0.296331	0
2.64085	0.350452	0
2.56903	0.350442	0
194	193	144	195	244
2.63481	0.296331	0
2.70784	0.296337	0
2.71267	0.35046	0
2.64085	0.350452	0
195	194	145	196	245
2.70784	0.296337	0
2.78088	0.296342	0
2.7845	0.350466	0
2.71267	0.35046	0
196	195	146	197	246
2.78088	0.296342	0
2.85392	0.296347	0
2.85633	0.350472	0
2.7845	0.350466	0
197	196	147	198	247
2.85392	0.296347	0
2.92696	0.296351	0
2.92816	0.350476	0
2.85633	0.350472	0
198	197	148	199	248
2.92696	0.296351	0
3	0.296354	0
3	0.350481	0
2.92816	0.350476	0
199	198	149	853	249
0	0.25	0
0.0451029	0.251219	0
0.0460701	0.313901	0
0	0.3125	0
200	920	150	201	250
0.0451029	0.251219	0
0.09024	0.252484	0
0.092183	0.315347	0
0.0460701	0.313901	0
201	200	151	202	251
0.09024	0.252484	0
0.135411	0.253833	0
0.13834	0.31688	0
0.092183	0.315347	0
202	201	152	203	252
0.135411	0.253833	0
0.180617	0.255311	0
0.184544	0.318541	0
0.13834	0.31688	0
203	202	153	204	253
0.180617	0.255311	0
0.225863	0.256968	0
0.230803	0.320378	0
0.184544	0.318541	0
204	203	154	205	254
0.225863	0.256968	0
0.271154	0.25886	0
0.277125	0.322442	0
0.230803	0.320378	0
205	204	155	206	255
0.271154	0.25886	0
0.3165	0.261056	0
0.323524	0.324786	0
0.277125	0.322442	0
206	205	156	207	256
0.3165	0.261056	0
0.361915	0.26363	0
0.37002	0.327467	0
0.323524	0.324786	0
207	206	157	208	257
0.361915	0.26363	0
0.407418	0.266662	0
0.416638	0.330534	0
0.37002	0.327467	0
208	207	158	209	258
0.407418	0.266662	0
0.453034	0.270223	0
0.463409	0.334027	0
0.416638	0.330534	0
209	208	159	210	259
0.453034	0.270223	0
0.4988	0.274362	0
0.510376	0.337963	0
0.463409	0.334027	0
210	209	160	211	260
0.4988	0.274362	0
0.544759	0.279082	0
0.557591	0.342327	0
0.510376	0.337963	0
211	210	161	212	261
0.544759	0.279082	0
0.590967	0.28433	0
0.605119	0.347074	0
0.557591	0.342327	0
212	211	162	213	262
0.590967	0.28433	0
0.637495	0.290008	0
0.65304	0.352132	0
0.605119	0.347074	0
213	212	163	214	263
0.637495	0.290008	0
0.684428	0.296007	0
0.701454	0.357413	0
0.65304	0.352132	0
214	213	164	215	264
0.684428	0.296007	0
0.731884	0.302213	0
0.75049	0.362821	0
0.701454	0.357413	0
215	214	165	216	265
0.731884	0.302213	0
0.780017	0.308505	0
0.800313	0.368248	0
0.75049	0.362821	0
216	215	166	217	266
0.780017	0.308505	0
0.829042	0.314754	0
0.851134	0.373579	0
0.800313	0.368248	0
217	216	167	218	267
0.829042	0.314754	0
0.879251	0.320815	0
0.903215	0.378684	0
0.851134	0.373579	0
218	217	168	219	268
0.879251	0.320815	0
0.931029	0.326519	0
0.956864	0.383428	0
0.903215	0.378684	0
219	218	169	220	269
0.931029	0.326519	0
0.984857	0.331679	0
1.01241	0.387675	0
0.956864	0.383428	0
220	219	170	221	270
0.984857	0.331679	0
1.04124	0.336103	0
1.07013	0.391313	0
1.01241	0.387675	0
221	220	171	222	271
1.04124	0.336103	0
1.10056	0.339654	0
1.13015	0.394286	0
1.07013	0.391313	0
222	221	172	223	272
1.10056	0.339654	0
1.16279	0.342333	0
1.19233	0.396627	0
1.13015	0.394286	0
223	222	173	224	273
1.16279	0.342333	0
1.22741	0.344307	0
1.25635	0.39844	0
1.19233	0.396627	0
224	223	174	225	274
1.22741	0.344307	0
1.29373	0.345792	0
1.32181	0.399845	0
1.25635	0.39844	0
225	224	175	226	275
1.29373	0.345792	0
1.36135	0.346912	0
1.38842	0.400931	0
1.32181	0.399845	0
226	225	176	227	276
1.36135	0.346912	0
1.42998	0.347758	0
1.45593	0.401769	0
1.38842	0.400931	0
227	226	177	228	277
1.42998	0.347758	0
1.49935	0.348399	0
1.52414	0.402415	0
1.45593	0.401769	0
228	227	178	229	278
1.49935	0.348399	0
1.56931	0.348887	0
1.59291	0.402913	0
1.52414	0.402415	0
229	228	179	230	279
1.56931	0.348887	0
1.6397	0.349258	0
1.6621	0.403298	0
1.59291	0.402913	0
230	229	180	231	280
1.6397	0.349258	0
1.71043	0.349542	0
1.73163	0.403595	0
1.6621	0.403298	0
231	230	181	232	281
1.71043	0.349542	0
1.78141	0.34976	0
1.80141	0.403824	0
1.73163	0.403595	0
232	231	182	233	282
1.78141	0.34976	0
1.8526	0.349926	0
1.8714	0.404002	0
1.80141	0.403824	0
233	232	183	234	283
1.8526	0.349926	0
1.92394	0.350054	0
1.94154	0.404139	0
1.8714	0.404002	0
234	233	184	235	284
1.92394	0.350054	0
1.99539	0.350152	0
2.01181	0.404245	0
1.94154	0.404139	0
235	234	185	236	285
1.99539	0.350152	0
2.06694	0.350228	0
2.08217	0.404327	0
2.01181	0.404245	0
236	235	186	237	286
2.06694	0.350228	0
2.13855	0.350286	0
2.1526	0.404391	0
2.08217	0.404327	0
237	236	187	238	287
2.13855	0.350286	0
2.21022	0.350331	0
2.22309	0.40444	0
2.1526	0.404391	0
238	237	188	239	288
2.21022	0.350331	0
2.28193	0.350366	0
2.29363	0.404478	0
2.22309	0.40444	0
239	238	189	240	289
2.28193	0.350366	0
2.35368	0.350392	0
2.3642	0.404508	0
2.29363	0.404478	0
240	239	190	241	290
2.35368	0.350392	0
2.42544	0.350413	0
2.43479	0.404531	0
2.3642	0.404508	0
241	240	191	242	291
2.42544	0.350413	0
2.49723	0.350429	0
2.50541	0.404549	0
2.43479	0.404531	0
242	241	192	243	292
2.49723	0.350429	0
2.56903	0.350442	0
2.57604	0.404563	0
2.50541	0.404549	0
243	242	193	244	293
2.56903	0.350442	0
2.64085	0.350452	0
2.64668	0.404574	0
2.57604	0.404563	0
244	243	194	245	294
2.64085	0.350452	0
2.71267	0.35046	0
2.71734	0.404583	0
2.64668	0.404574	0
245	244	195	246	295
2.71267	0.35046	0
2.7845	0.350466	0
2.788	0.40459	0
2.71734	0.404583	0
246	245	196	247	296
2.7845	0.350466	0
2.85633	0.350472	0
2.85866	0.404597	0
2.788	0.40459	0
247	246	197	248	297
2.85633	0.350472	0
2.92816	0.350476	0
2.92933	0.404602	0
2.85866	0.404597	0
248	247	198	249	298
2.92816	0.350476	0
3	0.350481	0
3	0.404608	0
2.92933	0.404602	0
249	248	199	854	299
0	0.3125	0
0.0460701	0.313901	0
0.0470844	0.376518	0
0	0.375	0
250	921	200	251	300
0.0460701	0.313901	0
0.092183	0.315347	0
0.0942193	0.378077	0
0.0470844	0.376518	0
251	250	201	252	301
0.092183	0.315347	0
0.13834	0.31688	0
0.141407	0.379718	0
0.0942193	0.378077	0
252	251	202	253	302
0.13834	0.31688	0
0.184544	0.318541	0
0.188655	0.381481	0
0.141407	0.379718	0
253	252	203	254	303
0.184544	0.318541	0
0.230803	0.320378	0
0.23597	0.383406	0
0.188655	0.381481	0
254	253	204	255	304
0.230803	0.320378	0
0.277125	0.322442	0
0.283367	0.385536	0
0.23597	0.383406	0
255	254	205	256	305
0.277125	0.322442	0
0.323524	0.324786	0
0.330862	0.387915	0
0.283367	0.385536	0
256	255	206	257	306
0.323524	0.324786	0
0.37002	0.327467	0
0.37848	0.39058	0
0.330862	0.387915	0
257	256	207	258	307
0.37002	0.327467	0
0.416638	0.330534	0
0.426249	0.393565	0
0.37848	0.39058	0
258	257	208	259	308
0.416638	0.330534	0
0.463409	0.334027	0
0.474208	0.396888	0
0.426249	0.393565	0
259	258	209	260	309
0.463409	0.334027	0
0.510376	0.337963	0
0.522402	0.400551	0
0.474208	0.396888	0
260	259	210	261	310
0.510376	0.337963	0
0.557591	0.342327	0
0.57089	0.404534	0
0.522402	0.400551	0
261	260	211	262	311
0.557591	0.342327	0
0.605119	0.347074	0
0.619742	0.408797	0
0.57089	0.404534	0
262	261	212	263	312
0.605119	0.347074	0
0.65304	0.352132	0
0.669042	0.413279	0
0.619742	0.408797	0
263	262	213	264	313
0.65304	0.352132	0
0.701454	0.357413	0
0.718897	0.417908	0
0.669042	0.413279	0
264	263	214	265	314
0.701454	0.357413	0
0.75049	0.362821	0
0.769436	0.4226	0
0.718897	0.417908	0
265	264	215	266	315
0.75049	0.362821	0
0.800313	0.368248	0
0.820814	0.427262	0
0.769436	0.4226	0
266	265	216	267	316
0.800313	0.368248	0
0.851134	0.373579	0
0.87322	0.431794	0
0.820814	0.427262	0
267	266	217	268	317
0.851134	0.373579	0
0.903215	0.378684	0
0.926866	0.436092	0
0.87322	0.431794	0
268	267	218	269	318
0.903215	0.378684	0
0.956864	0.383428	0
0.981978	0.440052	0
0.926866	0.436092	0
269	268	219	270	319
0.956864	0.383428	0
1.01241	0.387675	0
1.03876	0.443582	0
0.981978	0.440052	0
270	269	220	271	320
1.01241	0.387675	0
1.07013	0.391313	0
1.09735	0.446619	0
1.03876	0.443582	0
271	270	221	272	321
1.07013	0.391313	0
1.13015	0.394286	0
1.15775	0.449143	0
1.09735	0.446619	0
272	271	222	273	322
1.13015	0.394286	0
1.19233	0.396627	0
1.21986	0.451185	0
1.15775	0.449143	0
273	272	223	274	323
1.19233	0.396627	0
1.25635	0.39844	0
1.28342	0.452814	0
1.21986	0.451185	0
274	273	224	275	324
1.25635	0.39844	0
1.32181	0.399845	0
1.3482	0.454104	0
1.28342	0.452814	0
275	274	225	276	325
1.32181	0.399845	0
1.38842	0.400931	0
1.41396	0.455119	0
1.3482	0.454104	0
276	275	226	277	326
1.38842	0.400931	0
1.45593	0.401769	0
1.48052	0.455915	0
1.41396	0.455119	0
277	276	227	278	327
1.45593	0.401769	0
1.52414	0.402415	0
1.54772	0.456538	0
1.48052	0.455915	0
278	277	228	279	328
1.52414	0.402415	0
1.59291	0.402913	0
1.61543	0.457024	0
1.54772	0.456538	0
279	278	229	280	329
1.59291	0.402913	0
1.6621	0.403298	0
1.68353	0.457403	0
1.61543	0.457024	0
280	279	230	281	330
1.6621	0.403298	0
1.73163	0.403595	0
1.75195	0.457698	0
1.68353	0.457403	0
281	280	231	282	331
1.73163	0.403595	0
1.80141	0.403824	0
1.82062	0.457928	0
1.75195	0.457698	0
282	281	232	283	332
1.80141	0.403824	0
1.8714	0.404002	0
1.88948	0.458107	0
1.82062	0.457928	0
283	282	233	284	333
1.8714	0.404002	0
1.94154	0.404139	0
1.9585	0.458247	0
1.88948	0.458107	0
284	283	234	285	334
1.94154	0.404139	0
2.01181	0.404245	0
2.02763	0.458355	0
1.9585	0.458247	0
285	284	235	286	335
2.01181	0.404245	0
2.08217	0.404327	0
2.09686	0.458439	0
2.02763	0.458355	0
286	285	236	287	336
2.08217	0.404327	0
2.1526	0.404391	0
2.16616	0.458505	0
2.09686	0.458439	0
287	286	237	288	337
2.1526	0.404391	0
2.22309	0.40444	0
2.23552	0.458556	0
2.16616	0.458505	0
288	287	238	289	338
2.22309	0.40444	0
2.29363	0.404478	0
2.30492	0.458596	0
2.23552	0.458556	0
289	288	239	290	339
2.29363	0.404478	0
2.3642	0.404508	0
2.37436	0.458627	0
2.30492	0.458596	0
290	289	240	291	340
2.3642	0.404508	0
2.43479	0.404531	0
2.44383	0.458652	0
2.37436	0.458627	0
291	290	241	292	341
2.43479	0.404531	0
2.50541	0.404549	0
2.51331	0.458671	0
2.44383	0.458652	0
292	291	242	293	342
2.50541	0.404549	0
2.57604	0.404563	0
2.58281	0.458686	0
2.51331	0.458671	0
293	292	243	294	343
2.57604	0.404563	0
2.64668	0.404574	0
2.65233	0.458698	0
2.58281	0.458686	0
294	293	244	295	344
2.64668	0.404574	0
2.71734	0.404583	0
2.72185	0.458708	0
2.65233	0.458698	0
295	294	245	296	345
2.71734	0.404583	0
2.788	0.40459	0
2.79139	0.458716	0
2.72185	0.458708	0
296	295	246	297	346
2.788	0.40459	0
2.85866	0.404597	0
2.86092	0.458722	0
2.79139	0.458716	0
297	296	247	298	347
2.85866	0.404597	0
2.92933	0.404602	0
2.93046	0.458728	0
2.86092	0.458722	0
298	297	248	299	348
2.92933	0.404602	0
3	0.404608	0
3	0.458734	0
2.93046	0.458728	0
299	298	249	855	349
0	0.375	0
0.0470844	0.376518	0
0.0481461	0.43907	0
0	0.4375	0
300	922	250	301	350
0.0470844	0.376518	0
0.0942193	0.378077	0
0.0963485	0.440678	0
0.0481461	0.43907	0
301	300	251	302	351
0.0942193	0.378077	0
0.141407	0.379718	0
0.144612	0.442358	0
0.0963485	0.440678	0
302	301	252	303	352
0.141407	0.379718	0
0.188655	0.381481	0
0.192945	0.444148	0
0.144612	0.442358	0
303	302	253	304	353
0.188655	0.381481	0
0.23597	0.383406	0
0.241359	0.446082	0
0.192945	0.444148	0
304	303	254	305	354
0.23597	0.383406	0
0.283367	0.385536	0
0.289869	0.448195	0
0.241359	0.446082	0
305	304	255	306	355
0.283367	0.385536	0
0.330862	0.387915	0
0.338496	0.450521	0
0.289869	0.448195	0
306	305	256	307	356
0.330862	0.387915	0
0.37848	0.39058	0
0.387266	0.453086	0
0.338496	0.450521	0
307	306	257	308	357
0.37848	0.39058	0
0.426249	0.393565	0
0.436214	0.45591	0
0.387266	0.453086	0
308	307	258	309	358
0.426249	0.393565	0
0.474208	0.396888	0
0.485378	0.459	0
0.436214	0.45591	0
309	308	259	310	359
0.474208	0.396888	0
0.522402	0.400551	0
0.534809	0.462352	0
0.485378	0.459	0
310	309	260	311	360
0.522402	0.400551	0
0.57089	0.404534	0
0.584567	0.465943	0
0.534809	0.462352	0
311	310	261	312	361
0.57089	0.404534	0
0.619742	0.408797	0
0.634723	0.469736	0
0.584567	0.465943	0
312	311	262	313	362
0.619742	0.408797	0
0.669042	0.413279	0
0.685364	0.473679	0
0.634723	0.469736	0
313	312	263	314	363
0.669042	0.413279	0
0.718897	0.417908	0
0.736591	0.477709	0
0.685364	0.473679	0
314	313	264	315	364
0.718897	0.417908	0
0.769436	0.4226	0
0.788524	0.481755	0
0.736591	0.477709	0
315	314	265	316	365
0.769436	0.4226	0
0.820814	0.427262	0
0.841303	0.485739	0
0.788524	0.481755	0
316	315	266	317	366
0.820814	0.427262	0
0.87322	0.431794	0
0.89508	0.489579	0
0.841303	0.485739	0
317	316	267	318	367
0.87322	0.431794	0
0.926866	0.436092	0
0.950019	0.493192	0
0.89508	0.489579	0
318	317	268	319	368
0.926866	0.436092	0
0.981978	0.440052	0
1.00627	0.496504	0
0.950019	0.493192	0
319	318	269	320	369
0.981978	0.440052	0
1.03876	0.443582	0
1.06396	0.499452	0
1.00627	0.496504	0
320	319	270	321	370
1.03876	0.443582	0
1.09735	0.446619	0
1.12314	0.502002	0
1.06396	0.499452	0
321	320	271	322	371
1.09735	0.446619	0
1.15775	0.449143	0
1.18378	0.504149	0
1.12314	0.502002	0
322	321	272	323	372
1.15775	0.449143	0
1.21986	0.451185	0
1.24578	0.505918	0
1.18378	0.504149	0
323	322	273	324	373
1.21986	0.451185	0
1.28342	0.452814	0
1.30897	0.507354	0
1.24578	0.505918	0
324	323	274	325	374
1.28342	0.452814	0
1.3482	0.454104	0
1.37317	0.50851	0
1.30897	0.507354	0
325	324	275	326	375
1.3482	0.454104	0
1.41396	0.455119	0
1.43821	0.509433	0
1.37317	0.50851	0
326	325	276	327	376
1.41396	0.455119	0
1.48052	0.455915	0
1.50394	0.510166	0
1.43821	0.509433	0
327	326	277	328	377
1.48052	0.455915	0
1.54772	0.456538	0
1.57023	0.510745	0
1.50394	0.510166	0
328	327	278	329	378
1.54772	0.456538	0
1.61543	0.457024	0
1.63697	0.511202	0
1.57023	0.510745	0
329	328	279	330	379
1.61543	0.457024	0
1.68353	0.457403	0
1.70408	0.511562	0
1.63697	0.511202	0
330	329	280	331	380
1.68353	0.457403	0
1.75195	0.457698	0
1.77147	0.511844	0
1.70408	0.511562	0
331	330	281	332	381
1.75195	0.457698	0
1.82062	0.457928	0
1.83909	0.512066	0
1.77147	0.511844	0
332	331	282	333	382
1.82062	0.457928	0
1.88948	0.458107	0
1.90689	0.512239	0
1.83909	0.512066	0
333	332	283	334	383
1.88948	0.458107	0
1.9585	0.458247	0
1.97484	0.512375	0
1.90689	0.512239	0
334	333	284	335	384
1.9585	0.458247	0
2.02763	0.458355	0
2.04289	0.512481	0
1.97484	0.512375	0
335	334	285	336	385
2.02763	0.458355	0
2.09686	0.458439	0
2.11104	0.512564	0
2.04289	0.512481	0
336	335	286	337	386
2.09686	0.458439	0
2.16616	0.458505	0
2.17926	0.512629	0
2.11104	0.512564	0
337	336	287	338	387
2.16616	0.458505	0
2.23552	0.458556	0
2.24753	0.51268	0
2.17926	0.512629	0
338	337	288	339	388
2.23552	0.458556	0
2.30492	0.458596	0
2.31584	0.51272	0
2.24753	0.51268	0
339	338	289	340	389
2.30492	0.458596	0
2.37436	0.458627	0
2.38419	0.512752	0
2.31584	0.51272	0
340	339	290	341	390
2.37436	0.458627	0
2.44383	0.458652	0
2.45256	0.512776	0
2.38419	0.512752	0
341	340	291	342	391
2.44383	0.458652	0
2.51331	0.458671	0
2.52096	0.512795	0
2.45256	0.512776	0
342	341	292	343	392
2.51331	0.458671	0
2.58281	0.458686	0
2.58937	0.512811	0
2.52096	0.512795	0
343	342	293	344	393
2.58281	0.458686	0
2.65233	0.458698	0
2.65779	0.512823	0
2.58937	0.512811	0
344	343	294	345	394
2.65233	0.458698	0
2.72185	0.458708	0
2.72622	0.512833	0
2.65779	0.512823	0
345	344	295	346	395
2.72185	0.458708	0
2.79139	0.458716	0
2.79466	0.512841	0
2.72622	0.512833	0
346	345	296	347	396
2.79139	0.458716	0
2.86092	0.458722	0
2.86311	0.512848	0
2.79466	0.512841	0
347	346	297	348	397
2.86092	0.458722	0
2.93046	0.458728	0
2.93155	0.512855	0
2.86311	0.512848	0
348	347	298	349	398
2.93046	0.458728	0
3	0.458734	0
3	0.512861	0
2.93155	0.512855	0
349	348	299	856	399
0	0.4375	0
0.0481461	0.43907	0
0.0492548	0.501564	0
0	0.5	0
350	923	300	351	400
0.0481461	0.43907	0
0.0963485	0.440678	0
0.0985699	0.503158	0
0.0492548	0.501564	0
351	350	301	352	401
0.0963485	0.440678	0
0.144612	0.442358	0
0.147952	0.504816	0
0.0985699	0.503158	0
352	351	302	353	402
0.144612	0.442358	0
0.192945	0.444148	0
0.197411	0.506568	0
0.147952	0.504816	0
353	352	303	354	403
0.192945	0.444148	0
0.241359	0.446082	0
0.246961	0.508445	0
0.197411	0.506568	0
354	353	304	355	404
0.241359	0.446082	0
0.289869	0.448195	0
0.296618	0.510474	0
0.246961	0.508445	0
355	354	305	356	405
0.289869	0.448195	0
0.338496	0.450521	0
0.346407	0.512681	0
0.296618	0.510474	0
356	355	306	357	406
0.338496	0.450521	0
0.387266	0.453086	0
0.396355	0.515084	0
0.346407	0.512681	0
357	356	307	358	407
0.387266	0.453086	0
0.436214	0.45591	0
0.446497	0.517693	0
0.396355	0.515084	0
358	357	308	359	408
0.436214	0.45591	0
0.485378	0.459	0
0.496875	0.520512	0
0.446497	0.517693	0
359	358	309	360	409
0.485378	0.459	0
0.534809	0.462352	0
0.54754	0.52353	0
0.496875	0.520512	0
360	359	310	361	410
0.534809	0.462352	0
0.584567	0.465943	0
0.598551	0.526724	0
0.54754	0.52353	0
361	360	311	362	411
0.584567	0.465943	0
0.634723	0.469736	0
0.649978	0.530061	0
0.598551	0.526724	0
362	361	312	363	412
0.634723	0.469736	0
0.685364	0.473679	0
0.701902	0.533495	0
0.649978	0.530061	0
363	362	313	364	413
0.685364	0.473679	0
0.736591	0.477709	0
0.754418	0.536973	0
0.701902	0.533495	0
364	363	314	365	414
0.736591	0.477709	0
0.788524	0.481755	0
0.80763	0.540434	0
0.754418	0.536973	0
365	364	315	366	415
0.788524	0.481755	0
0.841303	0.485739	0
0.861654	0.543815	0
0.80763	0.540434	0
366	365	316	367	416
0.841303	0.485739	0
0.89508	0.489579	0
0.916611	0.547049	0
0.861654	0.543815	0
367	366	317	368	417
0.89508	0.489579	0
0.950019	0.493192	0
0.972617	0.550075	0
0.916611	0.547049	0
368	367	318	369	418
0.950019	0.493192	0
1.00627	0.496504	0
1.02977	0.552838	0
0.972617	0.550075	0
369	368	319	370	419
1.00627	0.496504	0
1.06396	0.499452	0
1.08814	0.555298	0
1.02977	0.552838	0
370	369	320	371	420
1.06396	0.499452	0
1.12314	0.502002	0
1.14774	0.557435	0
1.08814	0.555298	0
371	370	321	372	421
1.12314	0.502002	0
1.18378	0.504149	0
1.20852	0.55925	0
1.14774	0.557435	0
372	371	322	373	422
1.18378	0.504149	0
1.24578	0.505918	0
1.2704	0.560764	0
1.20852	0.55925	0
373	372	323	374	423
1.24578	0.505918	0
1.30897	0.507354	0
1.33325	0.562009	0
1.2704	0.560764	0
374	373	324	375	424
1.30897	0.507354	0
1.37317	0.50851	0
1.39694	0.563022	0
1.33325	0.562009	0
375	374	325	376	425
1.37317	0.50851	0
1.43821	0.509433	0
1.46134	0.56384	0
1.39694	0.563022	0
376	375	326	377	426
1.43821	0.509433	0
1.50394	0.510166	0
1.52632	0.564496	0
1.46134	0.56384	0
377	376	327	378	427
1.50394	0.510166	0
1.57023	0.510745	0
1.59178	0.56502	0
1.52632	0.564496	0
378	377	328	379	428
1.57023	0.510745	0
1.63697	0.511202	0
1.65764	0.565436	0
1.59178	0.56502	0
379	378	329	380	429
1.63697	0.511202	0
1.70408	0.511562	0
1.72382	0.565765	0
1.65764	0.565436	0
380	379	330	381	430
1.70408	0.511562	0
1.77147	0.511844	0
1.79025	0.566026	0
1.72382	0.565765	0
381	380	331	382	431
1.77147	0.511844	0
1.83909	0.512066	0
1.85688	0.566232	0
1.79025	0.566026	0
382	381	332	383	432
1.83909	0.512066	0
1.90689	0.512239	0
1.92367	0.566394	0
1.85688	0.566232	0
383	382	333	384	433
1.90689	0.512239	0
1.97484	0.512375	0
1.9906	0.566521	0
1.92367	0.566394	0
384	383	334	385	434
1.97484	0.512375	0
2.04289	0.512481	0
2.05763	0.566622	0
1.9906	0.566521	0
385	384	335	386	435
2.04289	0.512481	0
2.11104	0.512564	0
2.12474	0.566701	0
2.05763	0.566622	0
386	385	336	387	436
2.11104	0.512564	0
2.17926	0.512629	0
2.19191	0.566763	0
2.12474	0.566701	0
387	386	337	388	437
2.17926	0.512629	0
2.24753	0.51268	0
2.25914	0.566811	0
2.19191	0.566763	0
388	387	338	389	438
2.24753	0.51268	0
2.31584	0.51272	0
2.3264	0.56685	0
2.25914	0.566811	0
389	388	339	390	439
2.31584	0.51272	0
2.38419	0.512752	0
2.3937	0.56688	0
2.3264	0.56685	0
390	389	340	391	440
2.38419	0.512752	0
2.45256	0.512776	0
2.46102	0.566904	0
2.3937	0.56688	0
391	390	341	392	441
2.45256	0.512776	0
2.52096	0.512795	0
2.52836	0.566923	0
2.46102	0.566904	0
392	391	342	393	442
2.52096	0.512795	0
2.58937	0.512811	0
2.59571	0.566938	0
2.52836	0.566923	0
393	392	343	394	443
2.58937	0.512811	0
2.65779	0.512823	0
2.66308	0.56695	0
2.59571	0.566938	0
394	393	344	395	444
2.65779	0.512823	0
2.72622	0.512833	0
2.73045	0.56696	0
2.66308	0.56695	0
395	394	345	396	445
2.72622	0.512833	0
2.79466	0.512841	0
2.79783	0.566968	0
2.73045	0.56696	0
396	395	346	397	446
2.79466	0.512841	0
2.86311	0.512848	0
2.86522	0.566975	0
2.79783	0.566968	0
397	396	347	398	447
2.86311	0.512848	0
2.93155	0.512855	0
2.93261	0.566981	0
2.86522	0.566975	0
398	397	348	399	448
2.93155	0.512855	0
3	0.512861	0
3	0.566987	0
2.93261	0.566981	0
399	398	349	857	449
0	0.5	0
0.0492548	0.501564	0
0.0504105	0.564002	0
0	0.5625	0
400	924	350	401	450
0.0492548	0.501564	0
0.0985699	0.503158	0
0.100883	0.565529	0
0.0504105	0.564002	0
401	400	351	402	451
0.0985699	0.503158	0
0.147952	0.504816	0
0.151426	0.567109	0
0.100883	0.565529	0
402	401	352	403	452
0.147952	0.504816	0
0.197411	0.506568	0
0.202051	0.568769	0
0.151426	0.567109	0
403	402	353	404	453
0.197411	0.506568	0
0.246961	0.508445	0
0.252772	0.570534	0
0.202051	0.568769	0
404	403	354	405	454
0.246961	0.508445	0
0.296618	0.510474	0
0.303608	0.572425	0
0.252772	0.570534	0
405	404	355	406	455
0.296618	0.510474	0
0.346407	0.512681	0
0.354584	0.574462	0
0.303608	0.572425	0
406	405	356	407	456
0.346407	0.512681	0
0.396355	0.515084	0
0.405728	0.576656	0
0.354584	0.574462	0
407	406	357	408	457
0.396355	0.515084	0
0.446497	0.517693	0
0.457076	0.579015	0
0.405728	0.576656	0
408	407	358	409	458
0.446497	0.517693	0
0.496875	0.520512	0
0.508669	0.581534	0
0.457076	0.579015	0
409	408	359	410	459
0.496875	0.520512	0
0.54754	0.52353	0
0.560557	0.584203	0
0.508669	0.581534	0
410	409	360	411	460
0.54754	0.52353	0
0.598551	0.526724	0
0.612795	0.587	0
0.560557	0.584203	0
411	410	361	412	461
0.598551	0.526724	0
0.649978	0.530061	0
0.665449	0.589894	0
0.612795	0.587	0
412	411	362	413	462
0.649978	0.530061	0
0.701902	0.533495	0
0.718594	0.592847	0
0.665449	0.589894	0
413	412	363	414	463
0.701902	0.533495	0
0.754418	0.536973	0
0.77231	0.595812	0
0.718594	0.592847	0
414	413	364	415	464
0.754418	0.536973	0
0.80763	0.540434	0
0.826686	0.59874	0
0.77231	0.595812	0
415	414	365	416	465
0.80763	0.540434	0
0.861654	0.543815	0
0.881814	0.601579	0
0.826686	0.59874	0
416	415	366	417	466
0.861654	0.543815	0
0.916611	0.547049	0
0.937784	0.604278	0
0.881814	0.601579	0
417	416	367	418	467
0.916611	0.547049	0
0.972617	0.550075	0
0.994677	0.60679	0
0.937784	0.604278	0
418	417	368	419	468
0.972617	0.550075	0
1.02977	0.552838	0
1.05255	0.609078	0
0.994677	0.60679	0
419	418	369	420	469
1.02977	0.552838	0
1.08814	0.555298	0
1.11144	0.611114	0
1.05255	0.609078	0
420	419	370	421	470
1.08814	0.555298	0
1.14774	0.557435	0
1.17134	0.612889	0
1.11144	0.611114	0
421	420	371	422	471
1.14774	0.557435	0
1.20852	0.55925	0
1.2322	0.614406	0
1.17134	0.612889	0
422	421	372	423	472
1.20852	0.55925	0
1.2704	0.560764	0
1.29394	0.615682	0
1.2322	0.614406	0
423	422	373	424	473
1.2704	0.560764	0
1.33325	0.562009	0
1.35648	0.61674	0
1.29394	0.615682	0
424	423	374	425	474
1.33325	0.562009	0
1.39694	0.563022	0
1.4197	0.617608	0
1.35648	0.61674	0
425	424	375	426	475
1.39694	0.563022	0
1.46134	0.56384	0
1.4835	0.618314	0
1.4197	0.617608	0
426	425	376	427	476
1.46134	0.56384	0
1.52632	0.564496	0
1.54779	0.618885	0
1.4835	0.618314	0
427	426	377	428	477
1.52632	0.564496	0
1.59178	0.56502	0
1.61249	0.619344	0
1.54779	0.618885	0
428	427	378	429	478
1.59178	0.56502	0
1.65764	0.565436	0
1.67752	0.619711	0
1.61249	0.619344	0
429	428	379	430	479
1.65764	0.565436	0
1.72382	0.565765	0
1.74282	0.620003	0
1.67752	0.619711	0
430	429	380	431	480
1.72382	0.565765	0
1.79025	0.566026	0
1.80834	0.620236	0
1.74282	0.620003	0
431	430	381	432	481
1.79025	0.566026	0
1.85688	0.566232	0
1.87404	0.620421	0
1.80834	0.620236	0
432	431	382	433	482
1.85688	0.566232	0
1.92367	0.566394	0
1.93987	0.620567	0
1.87404	0.620421	0
433	432	383	434	483
1.92367	0.566394	0
1.9906	0.566521	0
2.00582	0.620683	0
1.93987	0.620567	0
434	433	384	435	484
1.9906	0.566521	0
2.05763	0.566622	0
2.07187	0.620774	0
2.00582	0.620683	0
435	434	385	436	485
2.05763	0.566622	0
2.12474	0.566701	0
2.13798	0.620847	0
2.07187	0.620774	0
436	435	386	437	486
2.12474	0.566701	0
2.19191	0.566763	0
2.20415	0.620904	0
2.13798	0.620847	0
437	436	387	438	487
2.19191	0.566763	0
2.25914	0.566811	0
2.27037	0.620949	0
2.20415	0.620904	0
438	437	388	439	488
2.25914	0.566811	0
2.3264	0.56685	0
2.33662	0.620984	0
2.27037	0.620949	0
439	438	389	440	489
2.3264	0.56685	0
2.3937	0.56688	0
2.4029	0.621012	0
2.33662	0.620984	0
440	439	390	441	490
2.3937	0.56688	0
2.46102	0.566904	0
2.4692	0.621035	0
2.4029	0.621012	0
441	440	391	442	491
2.46102	0.566904	0
2.52836	0.566923	0
2.53552	0.621052	0
2.4692	0.621035	0
442	441	392	443	492
2.52836	0.566923	0
2.59571	0.566938	0
2.60185	0.621067	0
2.53552	0.621052	0
443	442	393	444	493
2.59571	0.566938	0
2.66308	0.56695	0
2.6682	0.621078	0
2.60185	0.621067	0
444	443	394	445	494
2.66308	0.56695	0
2.73045	0.56696	0
2.73455	0.621087	0
2.6682	0.621078	0
445	444	395	446	495
2.73045	0.56696	0
2.79783	0.566968	0
2.80091	0.621095	0
2.73455	0.621087	0
446	445	396	447	496
2.79783	0.566968	0
2.86522	0.566975	0
2.86727	0.621102	0
2.80091	0.621095	0
447	446	397	448	497
2.86522	0.566975	0
2.93261	0.566981	0
2.93363	0.621108	0
2.86727	0.621102	0
448	447	398	449	498
2.93261	0.566981	0
3	0.566987	0
3	0.621114	0
2.93363	0.621108	0
449	448	399	858	499
0	0.5625	0
0.0504105	0.564002	0
0.0516139	0.626392	0
0	0.625	0
450	925	400	451	500
0.0504105	0.564002	0
0.100883	0.565529	0
0.103289	0.627804	0
0.0516139	0.626392	0
451	450	401	452	501
0.100883	0.565529	0
0.151426	0.567109	0
0.155035	0.629258	0
0.103289	0.627804	0
452	451	402	453	502
0.151426	0.567109	0
0.202051	0.568769	0
0.206864	0.630779	0
0.155035	0.629258	0
453	452	403	454	503
0.202051	0.568769	0
0.252772	0.570534	0
0.258791	0.632385	0
0.206864	0.630779	0
454	453	404	455	504
0.252772	0.570534	0
0.303608	0.572425	0
0.310836	0.634094	0
0.258791	0.632385	0
455	454	405	456	505
0.303608	0.572425	0
0.354584	0.574462	0
0.363022	0.63592	0
0.310836	0.634094	0
456	455	406	457	506
0.354584	0.574462	0
0.405728	0.576656	0
0.415379	0.637872	0
0.363022	0.63592	0
457	456	407	458	507
0.405728	0.576656	0
0.457076	0.579015	0
0.467939	0.63995	0
0.415379	0.637872	0
458	457	408	459	508
0.457076	0.579015	0
0.508669	0.581534	0
0.520744	0.642151	0
0.467939	0.63995	0
459	458	409	460	509
0.508669	0.581534	0
0.560557	0.584203	0
0.573838	0.644462	0
0.520744	0.642151	0
460	459	410	461	510
0.560557	0.584203	0
0.612795	0.587	0
0.627273	0.646863	0
0.573838	0.644462	0
461	460	411	462	511
0.612795	0.587	0
0.665449	0.589894	0
0.681108	0.649327	0
0.627273	0.646863	0
462	461	412	463	512
0.665449	0.589894	0
0.718594	0.592847	0
0.735407	0.65182	0
0.681108	0.649327	0
463	462	413	464	513
0.718594	0.592847	0
0.77231	0.595812	0
0.790237	0.654306	0
0.735407	0.65182	0
464	463	414	465	514
0.77231	0.595812	0
0.826686	0.59874	0
0.845671	0.656742	0
0.790237	0.654306	0
465	464	415	466	515
0.826686	0.59874	0
0.881814	0.601579	0
0.901778	0.659089	0
0.845671	0.656742	0
466	465	416	467	516
0.881814	0.601579	0
0.937784	0.604278	0
0.958622	0.661308	0
0.901778	0.659089	0
467	466	417	468	517
0.937784	0.604278	0
0.994677	0.60679	0
1.01626	0.663364	0
0.958622	0.661308	0
468	467	418	469	518
0.994677	0.60679	0
1.05255	0.609078	0
1.07471	0.665231	0
1.01626	0.663364	0
469	468	419	470	519
1.05255	0.609078	0
1.11144	0.611114	0
1.134	0.666892	0
1.07471	0.665231	0
470	469	420	471	520
1.11144	0.611114	0
1.17134	0.612889	0
1.19411	0.668343	0
1.134	0.666892	0
471	470	421	472	521
1.17134	0.612889	0
1.2322	0.614406	0
1.25499	0.669587	0
1.19411	0.668343	0
472	471	422	473	522
1.2322	0.614406	0
1.29394	0.615682	0
1.31658	0.670638	0
1.25499	0.669587	0
473	472	423	474	523
1.29394	0.615682	0
1.35648	0.61674	0
1.3788	0.671515	0
1.31658	0.670638	0
474	473	424	475	524
1.35648	0.61674	0
1.4197	0.617608	0
1.44157	0.67224	0
1.3788	0.671515	0
475	474	425	476	525
1.4197	0.617608	0
1.4835	0.618314	0
1.50481	0.672832	0
1.44157	0.67224	0
476	475	426	477	526
1.4835	0.618314	0
1.54779	0.618885	0
1.56846	0.673314	0
1.50481	0.672832	0
477	476	427	478	527
1.54779	0.618885	0
1.61249	0.619344	0
1.63243	0.673704	0
1.56846	0.673314	0
478	477	428	479	528
1.61249	0.619344	0
1.67752	0.619711	0
1.69668	0.674017	0
1.63243	0.673704	0
479	478	429	480	529
1.67752	0.619711	0
1.74282	0.620003	0
1.76115	0.674268	0
1.69668	0.674017	0
480	479	430	481	530
1.74282	0.620003	0
1.80834	0.620236	0
1.8258	0.674468	0
1.76115	0.674268	0
481	480	431	482	531
1.80834	0.620236	0
1.87404	0.620421	0
1.89061	0.674628	0
1.8258	0.674468	0
482	481	432	483	532
1.87404	0.620421	0
1.93987	0.620567	0
1.95553	0.674756	0
1.89061	0.674628	0
483	482	433	484	533
1.93987	0.620567	0
2.00582	0.620683	0
2.02054	0.674857	0
1.95553	0.674756	0
484	483	434	485	534
2.00582	0.620683	0
2.07187	0.620774	0
2.08564	0.674937	0
2.02054	0.674857	0
485	484	435	486	535
2.07187	0.620774	0
2.13798	0.620847	0
2.15079	0.675001	0
2.08564	0.674937	0
486	485	436	487	536
2.13798	0.620847	0
2.20415	0.620904	0
2.216	0.675051	0
2.15079	0.675001	0
487	486	437	488	537
2.20415	0.620904	0
2.27037	0.620949	0
2.28124	0.675091	0
2.216	0.675051	0
488	487	438	489	538
2.27037	0.620949	0
2.33662	0.620984	0
2.34651	0.675123	0
2.28124	0.675091	0
489	488	439	490	539
2.33662	0.620984	0
2.4029	0.621012	0
2.41181	0.675148	0
2.34651	0.675123	0
490	489	440	491	540
2.4029	0.621012	0
2.4692	0.621035	0
2.47713	0.675168	0
2.41181	0.675148	0
491	490	441	492	541
2.4692	0.621035	0
2.53552	0.621052	0
2.54246	0.675184	0
2.47713	0.675168	0
492	491	442	493	542
2.53552	0.621052	0
2.60185	0.621067	0
2.6078	0.675197	0
2.54246	0.675184	0
493	492	443	494	543
2.60185	0.621067	0
2.6682	0.621078	0
2.67316	0.675207	0
2.6078	0.675197	0
494	493	444	495	544
2.6682	0.621078	0
2.73455	0.621087	0
2.73852	0.675216	0
2.67316	0.675207	0
495	494	445	496	545
2.73455	0.621087	0
2.80091	0.621095	0
2.80389	0.675223	0
2.73852	0.675216	0
496	495	446	497	546
2.80091	0.621095	0
2.86727	0.621102	0
2.86925	0.675229	0
2.80389	0.675223	0
497	496	447	498	547
2.86727	0.621102	0
2.93363	0.621108	0
2.93463	0.675235	0
2.86925	0.675229	0
498	497	448	499	548
2.93363	0.621108	0
3	0.621114	0
3	0.67524	0
2.93463	0.675235	0
499	498	449	859	549
0	0.625	0
0.0516139	0.626392	0
0.0528663	0.688739	0
0	0.6875	0
500	926	450	501	550
0.0516139	0.626392	0
0.103289	0.627804	0
0.105791	0.689993	0
0.0528663	0.688739	0
501	500	451	502	551
0.103289	0.627804	0
0.155035	0.629258	0
0.158783	0.691281	0
0.105791	0.689993	0
502	501	452	503	552
0.155035	0.629258	0
0.206864	0.630779	0
0.211856	0.692621	0
0.158783	0.691281	0
503	502	453	504	553
0.206864	0.630779	0
0.258791	0.632385	0
0.265023	0.69403	0
0.211856	0.692621	0
504	503	454	505	554
0.258791	0.632385	0
0.310836	0.634094	0
0.318306	0.695521	0
0.265023	0.69403	0
505	504	455	506	555
0.310836	0.634094	0
0.363022	0.63592	0
0.371725	0.697104	0
0.318306	0.695521	0
506	505	456	507	556
0.363022	0.63592	0
0.415379	0.637872	0
0.425308	0.698784	0
0.371725	0.697104	0
507	506	457	508	557
0.415379	0.637872	0
0.467939	0.63995	0
0.479087	0.70056	0
0.425308	0.698784	0
508	507	458	509	558
0.467939	0.63995	0
0.520744	0.642151	0
0.533097	0.702427	0
0.479087	0.70056	0
509	508	459	510	559
0.520744	0.642151	0
0.573838	0.644462	0
0.587379	0.704373	0
0.533097	0.702427	0
510	509	460	511	560
0.573838	0.644462	0
0.627273	0.646863	0
0.64198	0.706379	0
0.587379	0.704373	0
511	510	461	512	561
0.627273	0.646863	0
0.681108	0.649327	0
0.696949	0.708423	0
0.64198	0.706379	0
512	511	462	513	562
0.681108	0.649327	0
0.735407	0.65182	0
0.752338	0.710477	0
0.696949	0.708423	0
513	512	463	514	563
0.735407	0.65182	0
0.790237	0.654306	0
0.808202	0.712509	0
0.752338	0.710477	0
514	513	464	515	564
0.790237	0.654306	0
0.845671	0.656742	0
0.864597	0.714488	0
0.808202	0.712509	0
515	514	465	516	565
0.845671	0.656742	0
0.901778	0.659089	0
0.921572	0.716383	0
0.864597	0.714488	0
516	515	466	517	566
0.901778	0.659089	0
0.958622	0.661308	0
0.979172	0.718164	0
0.921572	0.716383	0
517	516	467	518	567
0.958622	0.661308	0
1.01626	0.663364	0
1.03743	0.719808	0
0.979172	0.718164	0
518	517	468	519	568
1.01626	0.663364	0
1.07471	0.665231	0
1.09635	0.721296	0
1.03743	0.719808	0
519	518	469	520	569
1.07471	0.665231	0
1.134	0.666892	0
1.15595	0.722618	0
1.09635	0.721296	0
520	519	470	521	570
1.134	0.666892	0
1.19411	0.668343	0
1.21619	0.723773	0
1.15595	0.722618	0
521	520	471	522	571
1.19411	0.668343	0
1.25499	0.669587	0
1.27705	0.724766	0
1.21619	0.723773	0
522	521	472	523	572
1.25499	0.669587	0
1.31658	0.670638	0
1.33845	0.725608	0
1.27705	0.724766	0
523	522	473	524	573
1.31658	0.670638	0
1.3788	0.671515	0
1.40035	0.726312	0
1.33845	0.725608	0
524	523	474	525	574
1.3788	0.671515	0
1.44157	0.67224	0
1.46269	0.726896	0
1.40035	0.726312	0
525	524	475	526	575
1.44157	0.67224	0
1.50481	0.672832	0
1.52539	0.727376	0
1.46269	0.726896	0
526	525	476	527	576
1.50481	0.672832	0
1.56846	0.673314	0
1.58841	0.727768	0
1.52539	0.727376	0
527	526	477	528	577
1.56846	0.673314	0
1.63243	0.673704	0
1.65169	0.728086	0
1.58841	0.727768	0
528	527	478	529	578
1.63243	0.673704	0
1.69668	0.674017	0
1.71519	0.728343	0
1.65169	0.728086	0
529	528	479	530	579
1.69668	0.674017	0
1.76115	0.674268	0
1.77887	0.72855	0
1.71519	0.728343	0
530	529	480	531	580
1.76115	0.674268	0
1.8258	0.674468	0
1.8427	0.728716	0
1.77887	0.72855	0
531	530	481	532	581
1.8258	0.674468	0
1.89061	0.674628	0
1.90664	0.728849	0
1.8427	0.728716	0
532	531	482	533	582
1.89061	0.674628	0
1.95553	0.674756	0
1.97068	0.728955	0
1.90664	0.728849	0
533	532	483	534	583
1.95553	0.674756	0
2.02054	0.674857	0
2.03479	0.72904	0
1.97068	0.728955	0
534	533	484	535	584
2.02054	0.674857	0
2.08564	0.674937	0
2.09897	0.729107	0
2.03479	0.72904	0
535	534	485	536	585
2.08564	0.674937	0
2.15079	0.675001	0
2.1632	0.729161	0
2.09897	0.729107	0
536	535	486	537	586
2.15079	0.675001	0
2.216	0.675051	0
2.22747	0.729204	0
2.1632	0.729161	0
537	536	487	538	587
2.216	0.675051	0
2.28124	0.675091	0
2.29177	0.729238	0
2.22747	0.729204	0
538	537	488	539	588
2.28124	0.675091	0
2.34651	0.675123	0
2.3561	0.729265	0
2.29177	0.729238	0
539	538	489	540	589
2.34651	0.675123	0
2.41181	0.675148	0
2.42045	0.729287	0
2.3561	0.729265	0
540	539	490	541	590
2.41181	0.675148	0
2.47713	0.675168	0
2.48481	0.729304	0
2.42045	0.729287	0
541	540	491	542	591
2.47713	0.675168	0
2.54246	0.675184	0
2.54919	0.729318	0
2.48481	0.729304	0
542	541	492	543	592
2.54246	0.675184	0
2.6078	0.675197	0
2.61357	0.729329	0
2.54919	0.729318	0
543	542	493	544	593
2.6078	0.675197	0
2.67316	0.675207	0
2.67797	0.729338	0
2.61357	0.729329	0
544	543	494	545	594
2.67316	0.675207	0
2.73852	0.675216	0
2.74237	0.729345	0
2.67797	0.729338	0
545	544	495	546	595
2.73852	0.675216	0
2.80389	0.675223	0
2.80677	0.729352	0
2.74237	0.729345	0
546	545	496	547	596
2.80389	0.675223	0
2.86925	0.675229	0
2.87118	0.729357	0
2.80677	0.729352	0
547	546	497	548	597
2.86925	0.675229	0
2.93463	0.675235	0
2.93559	0.729362	0
2.87118	0.729357	0
548	547	498	549	598
2.93463	0.675235	0
3	0.67524	0
3	0.729367	0
2.93559	0.729362	0
549	548	499	860	599
0	0.6875	0
0.0528663	0.688739	0
0.0541702	0.751049	0
0	0.75	0
550	927	500	551	600
0.0528663	0.688739	0
0.105791	0.689993	0
0.108393	0.752108	0
0.0541702	0.751049	0
551	550	501	552	601
0.105791	0.689993	0
0.158783	0.691281	0
0.162677	0.753192	0
0.108393	0.752108	0
552	551	502	553	602
0.158783	0.691281	0
0.211856	0.692621	0
0.217034	0.754318	0
0.162677	0.753192	0
553	552	503	554	603
0.211856	0.692621	0
0.265023	0.69403	0
0.27148	0.755497	0
0.217034	0.754318	0
554	553	504	555	604
0.265023	0.69403	0
0.318306	0.695521	0
0.326029	0.756739	0
0.27148	0.755497	0
555	554	505	556	605
0.318306	0.695521	0
0.371725	0.697104	0
0.380705	0.758051	0
0.326029	0.756739	0
556	555	506	557	606
0.371725	0.697104	0
0.425308	0.698784	0
0.43553	0.759435	0
0.380705	0.758051	0
557	556	507	558	607
0.425308	0.698784	0
0.479087	0.70056	0
0.490532	0.760891	0
0.43553	0.759435	0
558	557	508	559	608
0.479087	0.70056	0
0.533097	0.702427	0
0.545742	0.762411	0
0.490532	0.760891	0
559	558	509	560	609
0.533097	0.702427	0
0.587379	0.704373	0
0.601196	0.763985	0
0.545742	0.762411	0
560	559	510	561	610
0.587379	0.704373	0
0.64198	0.706379	0
0.656931	0.765598	0
0.601196	0.763985	0
561	560	511	562	611
0.64198	0.706379	0
0.696949	0.708423	0
0.712987	0.767229	0
0.656931	0.765598	0
562	561	512	563	612
0.696949	0.708423	0
0.752338	0.710477	0
0.769406	0.768857	0
0.712987	0.767229	0
563	562	513	564	613
0.752338	0.710477	0
0.808202	0.712509	0
0.82623	0.770458	0
0.769406	0.768857	0
564	563	514	565	614
0.808202	0.712509	0
0.864597	0.714488	0
0.883498	0.772007	0
0.82623	0.770458	0
565	564	515	566	615
0.864597	0.714488	0
0.921572	0.716383	0
0.941244	0.773481	0
0.883498	0.772007	0
566	565	516	567	616
0.921572	0.716383	0
0.979172	0.718164	0
0.999497	0.774859	0
0.941244	0.773481	0
567	566	517	568	617
0.979172	0.718164	0
1.03743	0.719808	0
1.05827	0.776125	0
0.999497	0.774859	0
568	567	518	569	618
1.03743	0.719808	0
1.09635	0.721296	0
1.11758	0.777267	0
1.05827	0.776125	0
569	568	519	570	619
1.09635	0.721296	0
1.15595	0.722618	0
1.1774	0.77828	0
1.11758	0.777267	0
570	569	520	571	620
1.15595	0.722618	0
1.21619	0.723773	0
1.23771	0.779164	0
1.1774	0.77828	0
571	570	521	572	621
1.21619	0.723773	0
1.27705	0.724766	0
1.29849	0.779924	0
1.23771	0.779164	0
572	571	522	573	622
1.27705	0.724766	0
1.33845	0.725608	0
1.35969	0.780568	0
1.29849	0.779924	0
573	572	523	574	623
1.33845	0.725608	0
1.40035	0.726312	0
1.42126	0.78111	0
1.35969	0.780568	0
574	573	524	575	624
1.40035	0.726312	0
1.46269	0.726896	0
1.48315	0.781559	0
1.42126	0.78111	0
575	574	525	576	625
1.46269	0.726896	0
1.52539	0.727376	0
1.54533	0.78193	0
1.48315	0.781559	0
576	575	526	577	626
1.52539	0.727376	0
1.58841	0.727768	0
1.60774	0.782234	0
1.54533	0.78193	0
577	576	527	578	627
1.58841	0.727768	0
1.65169	0.728086	0
1.67035	0.782481	0
1.60774	0.782234	0
578	577	528	579	628
1.65169	0.728086	0
1.71519	0.728343	0
1.73312	0.782681	0
1.67035	0.782481	0
579	578	529	580	629
1.71519	0.728343	0
1.77887	0.72855	0
1.79603	0.782843	0
1.73312	0.782681	0
580	579	530	581	630
1.77887	0.72855	0
1.8427	0.728716	0
1.85906	0.782974	0
1.79603	0.782843	0
581	580	531	582	631
1.8427	0.728716	0
1.90664	0.728849	0
1.92217	0.783078	0
1.85906	0.782974	0
582	581	532	583	632
1.90664	0.728849	0
1.97068	0.728955	0
1.98536	0.783162	0
1.92217	0.783078	0
583	582	533	584	633
1.97068	0.728955	0
2.03479	0.72904	0
2.0486	0.783229	0
1.98536	0.783162	0
584	583	534	585	634
2.03479	0.72904	0
2.09897	0.729107	0
2.1119	0.783283	0
2.0486	0.783229	0
585	584	535	586	635
2.09897	0.729107	0
2.1632	0.729161	0
2.17523	0.783326	0
2.1119	0.783283	0
586	585	536	587	636
2.1632	0.729161	0
2.22747	0.729204	0
2.2386	0.78336	0
2.17523	0.783326	0
587	586	537	588	637
2.22747	0.729204	0
2.29177	0.729238	0
2.30199	0.783388	0
2.2386	0.78336	0
588	587	538	589	638
2.29177	0.729238	0
2.3561	0.729265	0
2.3654	0.78341	0
2.30199	0.783388	0
589	588	539	590	639
2.3561	0.729265	0
2.42045	0.729287	0
2.42883	0.783427	0
2.3654	0.78341	0
590	589	540	591	640
2.42045	0.729287	0
2.48481	0.729304	0
2.49227	0.783441	0
2.42883	0.783427	0
591	590	541	592	641
2.48481	0.729304	0
2.54919	0.729318	0
2.55571	0.783453	0
2.49227	0.783441	0
592	591	542	593	642
2.54919	0.729318	0
2.61357	0.729329	0
2.61917	0.783462	0
2.55571	0.783453	0
593	592	543	594	643
2.61357	0.729329	0
2.67797	0.729338	0
2.68263	0.783469	0
2.61917	0.783462	0
594	593	544	595	644
2.67797	0.729338	0
2.74237	0.729345	0
2.7461	0.783476	0
2.68263	0.783469	0
595	594	545	596	645
2.74237	0.729345	0
2.80677	0.729352	0
2.80957	0.783481	0
2.7461	0.783476	0
596	595	546	597	646
2.80677	0.729352	0
2.87118	0.729357	0
2.87305	0.783485	0
2.80957	0.783481	0
597	596	547	598	647
2.87118	0.729357	0
2.93559	0.729362	0
2.93652	0.78349	0
2.87305	0.783485	0
598	597	548	599	648
2.93559	0.729362	0
3	0.729367	0
3	0.783494	0
2.93652	0.78349	0
599	598	549	861	649
0	0.75	0
0.0541702	0.751049	0
0.0555296	0.813325	0
0	0.8125	0
600	928	550	601	650
0.0541702	0.751049	0
0.108393	0.752108	0
0.111103	0.814157	0
0.0555296	0.813325	0
601	600	551	602	651
0.108393	0.752108	0
0.162677	0.753192	0
0.166728	0.815008	0
0.111103	0.814157	0
602	601	552	603	652
0.162677	0.753192	0
0.217034	0.754318	0
0.222415	0.815889	0
0.166728	0.815008	0
603	602	553	604	653
0.217034	0.754318	0
0.27148	0.755497	0
0.278177	0.816809	0
0.222415	0.815889	0
604	603	554	605	654
0.27148	0.755497	0
0.326029	0.756739	0
0.334028	0.817775	0
0.278177	0.816809	0
605	604	555	606	655
0.326029	0.756739	0
0.380705	0.758051	0
0.389985	0.818792	0
0.334028	0.817775	0
606	605	556	607	656
0.380705	0.758051	0
0.43553	0.759435	0
0.446068	0.81986	0
0.389985	0.818792	0
607	606	557	608	657
0.43553	0.759435	0
0.490532	0.760891	0
0.502301	0.820978	0
0.446068	0.81986	0
608	607	558	609	658
0.490532	0.760891	0
0.545742	0.762411	0
0.558708	0.822139	0
0.502301	0.820978	0
609	608	559	610	659
0.545742	0.762411	0
0.601196	0.763985	0
0.615316	0.823334	0
0.558708	0.822139	0
610	609	560	611	660
0.601196	0.763985	0
0.656931	0.765598	0
0.672155	0.824552	0
0.615316	0.823334	0
611	610	561	612	661
0.656931	0.765598	0
0.712987	0.767229	0
0.729256	0.825776	0
0.672155	0.824552	0
612	611	562	613	662
0.712987	0.767229	0
0.769406	0.768857	0
0.786649	0.82699	0
0.729256	0.825776	0
613	612	563	614	663
0.769406	0.768857	0
0.82623	0.770458	0
0.844362	0.828175	0
0.786649	0.82699	0
614	613	564	615	664
0.82623	0.770458	0
0.883498	0.772007	0
0.902423	0.829315	0
0.844362	0.828175	0
615	614	565	616	665
0.883498	0.772007	0
0.941244	0.773481	0
0.960854	0.830393	0
0.902423	0.829315	0
616	615	566	617	666
0.941244	0.773481	0
0.999497	0.774859	0
1.01967	0.831395	0
0.960854	0.830393	0
617	616	567	618	667
0.999497	0.774859	0
1.05827	0.776125	0
1.07887	0.832311	0
1.01967	0.831395	0
618	617	568	619	668
1.05827	0.776125	0
1.11758	0.777267	0
1.13847	0.833135	0
1.07887	0.832311	0
619	618	569	620	669
1.11758	0.777267	0
1.1774	0.77828	0
1.19844	0.833862	0
1.13847	0.833135	0
620	619	570	621	670
1.1774	0.77828	0
1.23771	0.779164	0
1.25877	0.834496	0
1.19844	0.833862	0
621	620	571	622	671
1.23771	0.779164	0
1.29849	0.779924	0
1.31942	0.835041	0
1.25877	0.834496	0
622	621	572	623	672
1.29849	0.779924	0
1.35969	0.780568	0
1.38038	0.835503	0
1.31942	0.835041	0
623	622	573	624	673
1.35969	0.780568	0
1.42126	0.78111	0
1.4416	0.835891	0
1.38038	0.835503	0
624	623	574	625	674
1.42126	0.78111	0
1.48315	0.781559	0
1.50304	0.836214	0
1.4416	0.835891	0
625	624	575	626	675
1.48315	0.781559	0
1.54533	0.78193	0
1.56469	0.83648	0
1.50304	0.836214	0
626	625	576	627	676
1.54533	0.78193	0
1.60774	0.782234	0
1.6265	0.836699	0
1.56469	0.83648	0
627	626	577	628	677
1.60774	0.782234	0
1.67035	0.782481	0
1.68845	0.836878	0
1.6265	0.836699	0
628	627	578	629	678
1.67035	0.782481	0
1.73312	0.782681	0
1.75052	0.837023	0
1.68845	0.836878	0
629	628	579	630	679
1.73312	0.782681	0
1.79603	0.782843	0
1.81269	0.83714	0
1.75052	0.837023	0
630	629	580	631	680
1.79603	0.782843	0
1.85906	0.782974	0
1.87493	0.837235	0
1.81269	0.83714	0
631	630	581	632	681
1.85906	0.782974	0
1.92217	0.783078	0
1.93724	0.837312	0
1.87493	0.837235	0
632	631	582	633	682
1.92217	0.783078	0
1.98536	0.783162	0
1.9996	0.837373	0
1.93724	0.837312	0
633	632	583	634	683
1.98536	0.783162	0
2.0486	0.783229	0
2.062	0.837423	0
1.9996	0.837373	0
634	633	584	635	684
2.0486	0.783229	0
2.1119	0.783283	0
2.12444	0.837462	0
2.062	0.837423	0
635	634	585	636	685
2.1119	0.783283	0
2.17523	0.783326	0
2.18691	0.837494	0
2.12444	0.837462	0
636	635	586	637	686
2.17523	0.783326	0
2.2386	0.78336	0
2.2494	0.83752	0
2.18691	0.837494	0
637	636	587	638	687
2.2386	0.78336	0
2.30199	0.783388	0
2.3119	0.83754	0
2.2494	0.83752	0
638	637	588	639	688
2.30199	0.783388	0
2.3654	0.78341	0
2.37443	0.837557	0
2.3119	0.83754	0
639	638	589	640	689
2.3654	0.78341	0
2.42883	0.783427	0
2.43696	0.83757	0
2.37443	0.837557	0
640	639	590	641	690
2.42883	0.783427	0
2.49227	0.783441	0
2.4995	0.83758	0
2.43696	0.83757	0
641	640	591	642	691
2.49227	0.783441	0
2.55571	0.783453	0
2.56205	0.837589	0
2.4995	0.83758	0
642	641	592	643	692
2.55571	0.783453	0
2.61917	0.783462	0
2.62461	0.837596	0
2.56205	0.837589	0
643	642	593	644	693
2.61917	0.783462	0
2.68263	0.783469	0
2.68716	0.837602	0
2.62461	0.837596	0
644	643	594	645	694
2.68263	0.783469	0
2.7461	0.783476	0
2.74973	0.837606	0
2.68716	0.837602	0
645	644	595	646	695
2.7461	0.783476	0
2.80957	0.783481	0
2.81229	0.83761	0
2.74973	0.837606	0
646	645	596	647	696
2.80957	0.783481	0
2.87305	0.783485	0
2.87486	0.837614	0
2.81229	0.83761	0
647	646	597	648	697
2.87305	0.783485	0
2.93652	0.78349	0
2.93743	0.837617	0
2.87486	0.837614	0
648	647	598	649	698
2.93652	0.78349	0
3	0.783494	0
3	0.83762	0
2.93743	0.837617	0
649	648	599	862	699
0	0.8125	0
0.0555296	0.813325	0
0.0569496	0.875573	0
0	0.875	0
650	929	600	651	700
0.0555296	0.813325	0
0.111103	0.814157	0
0.113931	0.87615	0
0.0569496	0.875573	0
651	650	601	652	701
0.111103	0.814157	0
0.166728	0.815008	0
0.170952	0.87674	0
0.113931	0.87615	0
652	651	602	653	702
0.166728	0.815008	0
0.222415	0.815889	0
0.228018	0.87735	0
0.170952	0.87674	0
653	652	603	654	703
0.222415	0.815889	0
0.278177	0.816809	0
0.28514	0.877986	0
0.228018	0.87735	0
654	653	604	655	704
0.278177	0.816809	0
0.334028	0.817775	0
0.342329	0.878652	0
0.28514	0.877986	0
655	654	605	656	705
0.334028	0.817775	0
0.389985	0.818792	0
0.399598	0.879351	0
0.342329	0.878652	0
656	655	606	657	706
0.389985	0.818792	0
0.446068	0.81986	0
0.45696	0.880084	0
0.399598	0.879351	0
657	656	607	658	707
0.446068	0.81986	0
0.502301	0.820978	0
0.514433	0.880847	0
0.45696	0.880084	0
658	657	608	659	708
0.502301	0.820978	0
0.558708	0.822139	0
0.572034	0.881636	0
0.514433	0.880847	0
659	658	609	660	709
0.558708	0.822139	0
0.615316	0.823334	0
0.629783	0.882445	0
0.572034	0.881636	0
660	659	610	661	710
0.615316	0.823334	0
0.672155	0.824552	0
0.6877	0.883264	0
0.629783	0.882445	0
661	660	611	662	711
0.672155	0.824552	0
0.729256	0.825776	0
0.745805	0.884082	0
0.6877	0.883264	0
662	661	612	663	712
0.729256	0.825776	0
0.786649	0.82699	0
0.804118	0.884888	0
0.745805	0.884082	0
663	662	613	664	713
0.786649	0.82699	0
0.844362	0.828175	0
0.862656	0.885671	0
0.804118	0.884888	0
664	663	614	665	714
0.844362	0.828175	0
0.902423	0.829315	0
0.921436	0.886419	0
0.862656	0.885671	0
665	664	615	666	715
0.902423	0.829315	0
0.960854	0.830393	0
0.980468	0.887121	0
0.921436	0.886419	0
666	665	616	667	716
0.960854	0.830393	0
1.01967	0.831395	0
1.03976	0.88777	0
0.980468	0.887121	0
667	666	617	668	717
1.01967	0.831395	0
1.07887	0.832311	0
1.09931	0.88836	0
1.03976	0.88777	0
668	667	618	669	718
1.07887	0.832311	0
1.13847	0.833135	0
1.15912	0.888888	0
1.09931	0.88836	0
669	668	619	670	719
1.13847	0.833135	0
1.19844	0.833862	0
1.21917	0.889352	0
1.15912	0.888888	0
670	669	620	671	720
1.19844	0.833862	0
1.25877	0.834496	0
1.27945	0.889756	0
1.21917	0.889352	0
671	670	621	672	721
1.25877	0.834496	0
1.31942	0.835041	0
1.33994	0.890102	0
1.27945	0.889756	0
672	671	622	673	722
1.31942	0.835041	0
1.38038	0.835503	0
1.40061	0.890395	0
1.33994	0.890102	0
673	672	623	674	723
1.38038	0.835503	0
1.4416	0.835891	0
1.46146	0.890641	0
1.40061	0.890395	0
674	673	624	675	724
1.4416	0.835891	0
1.50304	0.836214	0
1.52244	0.890846	0
1.46146	0.890641	0
675	674	625	676	725
1.50304	0.836214	0
1.56469	0.83648	0
1.58355	0.891015	0
1.52244	0.890846	0
676	675	626	677	726
1.56469	0.83648	0
1.6265	0.836699	0
1.64477	0.891154	0
1.58355	0.891015	0
677	676	627	678	727
1.6265	0.836699	0
1.68845	0.836878	0
1.70607	0.891268	0
1.64477	0.891154	0
678	677	628	679	728
1.68845	0.836878	0
1.75052	0.837023	0
1.76744	0.89136	0
1.70607	0.891268	0
679	678	629	680	729
1.75052	0.837023	0
1.81269	0.83714	0
1.82888	0.891436	0
1.76744	0.89136	0
680	679	630	681	730
1.81269	0.83714	0
1.87493	0.837235	0
1.89036	0.891496	0
1.82888	0.891436	0
681	680	631	682	731
1.87493	0.837235	0
1.93724	0.837312	0
1.95188	0.891546	0
1.89036	0.891496	0
682	681	632	683	732
1.93724	0.837312	0
1.9996	0.837373	0
2.01344	0.891585	0
1.95188	0.891546	0
683	682	633	684	733
1.9996	0.837373	0
2.062	0.837423	0
2.07502	0.891617	0
2.01344	0.891585	0
684	683	634	685	734
2.062	0.837423	0
2.12444	0.837462	0
2.13663	0.891643	0
2.07502	0.891617	0
685	684	635	686	735
2.12444	0.837462	0
2.18691	0.837494	0
2.19825	0.891664	0
2.13663	0.891643	0
686	685	636	687	736
2.18691	0.837494	0
2.2494	0.83752	0
2.25989	0.89168	0
2.19825	0.891664	0
687	686	637	688	737
2.2494	0.83752	0
2.3119	0.83754	0
2.32153	0.891694	0
2.25989	0.89168	0
688	687	638	689	738
2.3119	0.83754	0
2.37443	0.837557	0
2.38319	0.891704	0
2.32153	0.891694	0
689	688	639	690	739
2.37443	0.837557	0
2.43696	0.83757	0
2.44486	0.891713	0
2.38319	0.891704	0
690	689	640	691	740
2.43696	0.83757	0
2.4995	0.83758	0
2.50653	0.89172	0
2.44486	0.891713	0
691	690	641	692	741
2.4995	0.83758	0
2.56205	0.837589	0
2.5682	0.891726	0
2.50653	0.89172	0
692	691	642	693	742
2.56205	0.837589	0
2.62461	0.837596	0
2.62988	0.89173	0
2.5682	0.891726	0
693	692	643	694	743
2.62461	0.837596	0
2.68716	0.837602	0
2.69156	0.891734	0
2.62988	0.89173	0
694	693	644	695	744
2.68716	0.837602	0
2.74973	0.837606	0
2.75325	0.891737	0
2.69156	0.891734	0
695	694	645	696	745
2.74973	0.837606	0
2.81229	0.83761	0
2.81494	0.89174	0
2.75325	0.891737	0
696	695	646	697	746
2.81229	0.83761	0
2.87486	0.837614	0
2.87662	0.891743	0
2.81494	0.89174	0
697	696	647	698	747
2.87486	0.837614	0
2.93743	0.837617	0
2.93831	0.891745	0
2.87662	0.891743	0
698	697	648	699	748
2.93743	0.837617	0
3	0.83762	0
3	0.891747	0
2.93831	0.891745	0
699	698	649	863	749
0	0.875	0
0.0569496	0.875573	0
0.058437	0.937797	0
0	0.9375	0
700	930	650	701	750
0.0569496	0.875573	0
0.113931	0.87615	0
0.116892	0.938096	0
0.058437	0.937797	0
701	700	651	702	751
0.113931	0.87615	0
0.170952	0.87674	0
0.175368	0.938401	0
0.116892	0.938096	0
702	701	652	703	752
0.170952	0.87674	0
0.228018	0.87735	0
0.233869	0.938716	0
0.175368	0.938401	0
703	702	653	704	753
0.228018	0.87735	0
0.28514	0.877986	0
0.292402	0.939045	0
0.233869	0.938716	0
704	703	654	705	754
0.28514	0.877986	0
0.342329	0.878652	0
0.350971	0.939389	0
0.292402	0.939045	0
705	704	655	706	755
0.342329	0.878652	0
0.399598	0.879351	0
0.409585	0.939749	0
0.350971	0.939389	0
706	705	656	707	756
0.399598	0.879351	0
0.45696	0.880084	0
0.468251	0.940126	0
0.409585	0.939749	0
707	706	657	708	757
0.45696	0.880084	0
0.514433	0.880847	0
0.526978	0.940517	0
0.468251	0.940126	0
708	707	658	709	758
0.514433	0.880847	0
0.572034	0.881636	0
0.585776	0.94092	0
0.526978	0.940517	0
709	708	659	710	759
0.572034	0.881636	0
0.629783	0.882445	0
0.644655	0.941331	0
0.585776	0.94092	0
710	709	660	711	760
0.629783	0.882445	0
0.6877	0.883264	0
0.703624	0.941745	0
0.644655	0.941331	0
711	710	661	712	761
0.6877	0.883264	0
0.745805	0.884082	0
0.762695	0.942157	0
0.703624	0.941745	0
712	711	662	713	762
0.745805	0.884082	0
0.804118	0.884888	0
0.821877	0.94256	0
0.762695	0.942157	0
713	712	663	714	763
0.804118	0.884888	0
0.862656	0.885671	0
0.881177	0.942948	0
0.821877	0.94256	0
714	713	664	715	764
0.862656	0.885671	0
0.921436	0.886419	0
0.940603	0.943316	0
0.881177	0.942948	0
715	714	665	716	765
0.921436	0.886419	0
0.980468	0.887121	0
1.00016	0.94366	0
0.940603	0.943316	0
716	715	666	717	766
0.980468	0.887121	0
1.03976	0.88777	0
1.05985	0.943976	0
1.00016	0.94366	0
717	716	667	718	767
1.03976	0.88777	0
1.09931	0.88836	0
1.11966	0.944261	0
1.05985	0.943976	0
718	717	668	719	768
1.09931	0.88836	0
1.15912	0.888888	0
1.1796	0.944514	0
1.11966	0.944261	0
719	718	669	720	769
1.15912	0.888888	0
1.21917	0.889352	0
1.23967	0.944736	0
1.1796	0.944514	0
720	719	670	721	770
1.21917	0.889352	0
1.27945	0.889756	0
1.29984	0.944928	0
1.23967	0.944736	0
721	720	671	722	771
1.27945	0.889756	0
1.33994	0.890102	0
1.36011	0.945092	0
1.29984	0.944928	0
722	721	672	723	772
1.33994	0.890102	0
1.40061	0.890395	0
1.42047	0.945231	0
1.36011	0.945092	0
723	722	673	724	773
1.40061	0.890395	0
1.46146	0.890641	0
1.48091	0.945348	0
1.42047	0.945231	0
724	723	674	725	774
1.46146	0.890641	0
1.52244	0.890846	0
1.54141	0.945444	0
1.48091	0.945348	0
725	724	675	726	775
1.52244	0.890846	0
1.58355	0.891015	0
1.60197	0.945524	0
1.54141	0.945444	0
726	725	676	727	776
1.58355	0.891015	0
1.64477	0.891154	0
1.66258	0.94559	0
1.60197	0.945524	0
727	726	677	728	777
1.64477	0.891154	0
1.70607	0.891268	0
1.72324	0.945644	0
1.66258	0.94559	0
728	727	678	729	778
1.70607	0.891268	0
1.76744	0.89136	0
1.78392	0.945688	0
1.72324	0.945644	0
729	728	679	730	779
1.76744	0.89136	0
1.82888	0.891436	0
1.84463	0.945724	0
1.78392	0.945688	0
730	729	680	731	780
1.82888	0.891436	0
1.89036	0.891496	0
1.90537	0.945753	0
1.84463	0.945724	0
731	730	681	732	781
1.89036	0.891496	0
1.95188	0.891546	0
1.96613	0.945776	0
1.90537	0.945753	0
732	731	682	733	782
1.95188	0.891546	0
2.01344	0.891585	0
2.0269	0.945795	0
1.96613	0.945776	0
733	732	683	734	783
2.01344	0.891585	0
2.07502	0.891617	0
2.08768	0.94581	0
2.0269	0.945795	0
734	733	684	735	784
2.07502	0.891617	0
2.13663	0.891643	0
2.14847	0.945823	0
2.08768	0.94581	0
735	734	685	736	785
2.13663	0.891643	0
2.19825	0.891664	0
2.20927	0.945833	0
2.14847	0.945823	0
736	735	686	737	786
2.19825	0.891664	0
2.25989	0.89168	0
2.27008	0.945841	0
2.20927	0.945833	0
737	736	687	738	787
2.25989	0.89168	0
2.32153	0.891694	0
2.33089	0.945847	0
2.27008	0.945841	0
738	737	688	739	788
2.32153	0.891694	0
2.38319	0.891704	0
2.39171	0.945852	0
2.33089	0.945847	0
739	738	689	740	789
2.38319	0.891704	0
2.44486	0.891713	0
2.45253	0.945857	0
2.39171	0.945852	0
740	739	690	741	790
2.44486	0.891713	0
2.50653	0.89172	0
2.51336	0.94586	0
2.45253	0.945857	0
741	740	691	742	791
2.50653	0.89172	0
2.5682	0.891726	0
2.57418	0.945863	0
2.51336	0.94586	0
742	741	692	743	792
2.5682	0.891726	0
2.62988	0.89173	0
2.63501	0.945865	0
2.57418	0.945863	0
743	742	693	744	793
2.62988	0.89173	0
2.69156	0.891734	0
2.69584	0.945867	0
2.63501	0.945865	0
744	743	694	745	794
2.69156	0.891734	0
2.75325	0.891737	0
2.75667	0.945869	0
2.69584	0.945867	0
745	744	695	746	795
2.75325	0.891737	0
2.81494	0.89174	0
2.8175	0.94587	0
2.75667	0.945869	0
746	745	696	747	796
2.81494	0.89174	0
2.87662	0.891743	0
2.87834	0.945871	0
2.8175	0.94587	0
747	746	697	748	797
2.87662	0.891743	0
2.93831	0.891745	0
2.93917	0.945872	0
2.87834	0.945871	0
748	747	698	749	798
2.93831	0.891745	0
3	0.891747	0
3	0.945873	0
2.93917	0.945872	0
749	748	699	864	799
0	0.9375	0
0.058437	0.937797	0
0.06	1	0
0	1	0
750	931	700	751	866
0.058437	0.937797	0
0.116892	0.938096	0
0.12	1	0
0.06	1	0
751	750	701	752	867
0.116892	0.938096	0
0.175368	0.938401	0
0.18	1	0
0.12	1	0
752	751	702	753	868
0.175368	0.938401	0
0.233869	0.938716	0
0.24	1	0
0.18	1	0
753	752	703	754	869
0.233869	0.938716	0
0.292402	0.939045	0
0.3	1	0
0.24	1	0
754	753	704	755	870
0.292402	0.939045	0
0.350971	0.939389	0
0.36	1	0
0.3	1	0
755	754	705	756	871
0.350971	0.939389	0
0.409585	0.939749	0
0.42	1	0
0.36	1	0
756	755	706	757	872
0.409585	0.939749	0
0.468251	0.940126	0
0.48	1	0
0.42	1	0
757	756	707	758	873
0.468251	0.940126	0
0.526978	0.940517	0
0.54	1	0
0.48	1	0
758	757	708	759	874
0.526978	0.940517	0
0.585776	0.94092	0
0.6	1	0
0.54	1	0
759	758	709	760	875
0.585776	0.94092	0
0.644655	0.941331	0
0.66	1	0
0.6	1	0
760	759	710	761	876
0.644655	0.941331	0
0.703624	0.941745	0
0.72	1	0
0.66	1	0
761	760	711	762	877
0.703624	0.941745	0
0.762695	0.942157	0
0.78	1	0
0.72	1	0
762	761	712	763	878
0.762695	0.942157	0
0.821877	0.94256	0
0.84	1	0
0.78	1	0
763	762	713	764	879
0.821877	0.94256	0
0.881177	0.942948	0
0.9	1	0
0.84	1	0
764	763	714	765	880
0.881177	0.942948	0
0.940603	0.943316	0
0.96	1	0
0.9	1	0
765	764	715	766	881
0.940603	0.943316	0
1.00016	0.94366	0
1.02	1	0
0.96	1	0
766	765	716	767	882
1.00016	0.94366	0
1.05985	0.943976	0
1.08	1	0
1.02	1	0
767	766	717	768	883
1.05985	0.943976	0
1.11966	0.944261	0
1.14	1	0
1.08	1	0
768	767	718	769	884
1.11966	0.944261	0
1.1796	0.944514	0
1.2	1	0
1.14	1	0
769	768	719	770	885
1.1796	0.944514	0
1.23967	0.944736	0
1.26	1	0
1.2	1	0
770	769	720	771	886
1.23967	0.944736	0
1.29984	0.944928	0
1.32	1	0
1.26	1	0
771	770	721	772	887
1.29984	0.944928	0
1.36011	0.945092	0
1.38	1	0
1.32	1	0
772	771	722	773	888
1.36011	0.945092	0
1.42047	0.945231	0
1.44	1	0
1.38	1	0
773	772	723	774	889
1.42047	0.945231	0
1.48091	0.945348	0
1.5	1	0
1.44	1	0
774	773	724	775	890
1.48091	0.945348	0
1.54141	0.945444	0
1.56	1	0
1.5	1	0
775	774	725	776	891
1.54141	0.945444	0
1.60197	0.945524	0
1.62	1	0
1.56	1	0
776	775	726	777	892
1.60197	0.945524	0
1.66258	0.94559	0
1.68	1	0
1.62	1	0
777	776	727	778	893
1.66258	0.94559	0
1.72324	0.945644	0
1.74	1	0
1.68	1	0
778	777	728	779	894
1.72324	0.945644	0
1.78392	0.945688	0
1.8	1	0
1.74	1	0
779	778	729	780	895
1.78392	0.945688	0
1.84463	0.945724	0
1.86	1	0
1.8	1	0
780	779	730	781	896
1.84463	0.945724	0
1.90537	0.945753	0
1.92	1	0
1.86	1	0
781	780	731	782	897
1.90537	0.945753	0
1.96613	0.945776	0
1.98	1	0
1.92	1	0
782	781	732	783	898
1.96613	0.945776	0
2.0269	0.945795	0
2.04	1	0
1.98	1	0
783	782	733	784	899
2.0269	0.945795	0
2.08768	0.94581	0
2.1	1	0
2.04	1	0
784	783	734	785	900
2.08768	0.94581	0
2.14847	0.945823	0
2.16	1	0
2.1	1	0
785	784	735	786	901
2.14847	0.945823	0
2.20927	0.945833	0
2.22	1	0
2.16	1	0
786	785	736	787	902
2.20927	0.945833	0
2.27008	0.945841	0
2.28	1	0
2.22	1	0
787	786	737	788	903
2.27008	0.945841	0
2.33089	0.945847	0
2.34	1	0
2.28	1	0
788	787	738	789	904
2.33089	0.945847	0
2.39171	0.945852	0
2.4	1	0
2.34	1	0
789	788	739	790	905
2.39171	0.945852	0
2.45253	0.945857	0
2.46	1	0
2.4	1	0
790	789	740	791	906
2.45253	0.945857	0
2.51336	0.94586	0
2.52	1	0
2.46	1	0
791	790	741	792	907
2.51336	0.94586	0
2.57418	0.945863	0
2.58	1	0
2.52	1	0
792	791	742	793	908
2.57418	0.945863	0
2.63501	0.945865	0
2.64	1	0
2.58	1	0
793	792	743	794	909
2.63501	0.945865	0
2.69584	0.945867	0
2.7	1	0
2.64	1	0
794	793	744	795	910
2.69584	0.945867	0
2.75667	0.945869	0
2.76	1	0
2.7	1	0
795	794	745	796	911
2.75667	0.945869	0
2.8175	0.94587	0
2.82	1	0
2.76	1	0
796	795	746	797	912
2.8175	0.94587	0
2.87834	0.945871	0
2.88	1	0
2.82	1	0
797	796	747	798	913
2.87834	0.945871	0
2.93917	0.945872	0
2.94	1	0
2.88	1	0
798	797	748	799	914
2.93917	0.945872	0
3	0.945873	0
3	1	0
2.94	1	0
799	798	749	865	915
Inlet_Boundary_Cells	0	16
0	0	916
50	0	917
100	0	918
150	0	919
200	0	920
250	0	921
300	0	922
350	0	923
400	0	924
450	0	925
500	0	926
550	0	927
600	0	928
650	0	929
700	0	930
750	0	931
Exit_Boundary_Cells	1	16
49	2	850
99	2	851
149	2	852
199	2	853
249	2	854
299	2	855
349	2	856
399	2	857
449	2	858
499	2	859
549	2	860
599	2	861
649	2	862
699	2	863
749	2	864
799	2	865
Wall_Boundary_Cells	2	100
0	1	800
1	1	801
2	1	802
3	1	803
4	1	804
5	1	805
6	1	806
7	1	807
8	1	808
9	1	809
10	1	810
11	1	811
12	1	812
13	1	813
14	1	814
15	1	815
16	1	816
17	1	817
18	1	818
19	1	819
20	1	820
21	1	821
22	1	822
23	1	823
24	1	824
25	1	825
26	1	826
27	1	827
28	1	828
29	1	829
30	1	830
31	1	831
32	1	832
33	1	833
34	1	834
35	1	835
36	1	836
37	1	837
38	1	838
39	1	839
40	1	840
41	1	841
42	1	842
43	1	843
44	1	844
45	1	845
46	1	846
47	1	847
48	1	848
49	1	849
750	3	866
751	3	867
752	3	868
753	3	869
754	3	870
755	3	871
756	3	872
757	3	873
758	3	874
759	3	875
760	3	876
761	3	877
762	3	878
763	3	879
764	3	880
765	3	881
766	3	882
767	3	883
768	3	884
769	3	885
770	3	886
771	3	887
772	3	888
773	3	889
774	3	890
775	3	891
776	3	892
777	3	893
778	3	894
779	3	895
780	3	896
781	3	897
782	3	898
783	3	899
784	3	900
785	3	901
786	3	902
787	3	903
788	3	904
789	3	905
790	3	906
791	3	907
792	3	908
793	3	909
794	3	910
795	3	911
796	3	912
797	3	913
798	3	914
799	3	915
Symmetry_Boundary_Cells	3	0
