0
0
17	17
256
0	0	0
0.0625	0	0
0.0625	0.0625	0
0	0.0625	0
0	304	256	1	16
0.0625	0	0
0.125	0	0
0.125	0.0625	0
0.0625	0.0625	0
1	0	257	2	17
0.125	0	0
0.1875	0	0
0.1875	0.0625	0
0.125	0.0625	0
2	1	258	3	18
0.1875	0	0
0.25	0	0
0.25	0.0625	0
0.1875	0.0625	0
3	2	259	4	19
0.25	0	0
0.3125	0	0
0.3125	0.0625	0
0.25	0.0625	0
4	3	260	5	20
0.3125	0	0
0.375	0	0
0.375	0.0625	0
0.3125	0.0625	0
5	4	261	6	21
0.375	0	0
0.4375	0	0
0.4375	0.0625	0
0.375	0.0625	0
6	5	262	7	22
0.4375	0	0
0.5	0	0
0.5	0.0625	0
0.4375	0.0625	0
7	6	263	8	23
0.5	0	0
0.5625	0	0
0.5625	0.0625	0
0.5	0.0625	0
8	7	264	9	24
0.5625	0	0
0.625	0	0
0.625	0.0625	0
0.5625	0.0625	0
9	8	265	10	25
0.625	0	0
0.6875	0	0
0.6875	0.0625	0
0.625	0.0625	0
10	9	266	11	26
0.6875	0	0
0.75	0	0
0.75	0.0625	0
0.6875	0.0625	0
11	10	267	12	27
0.75	0	0
0.8125	0	0
0.8125	0.0625	0
0.75	0.0625	0
12	11	268	13	28
0.8125	0	0
0.875	0	0
0.875	0.0625	0
0.8125	0.0625	0
13	12	269	14	29
0.875	0	0
0.9375	0	0
0.9375	0.0625	0
0.875	0.0625	0
14	13	270	15	30
0.9375	0	0
1	0	0
1	0.0625	0
0.9375	0.0625	0
15	14	271	272	31
0	0.0625	0
0.0625	0.0625	0
0.0625	0.125	0
0	0.125	0
16	305	0	17	32
0.0625	0.0625	0
0.125	0.0625	0
0.125	0.125	0
0.0625	0.125	0
17	16	1	18	33
0.125	0.0625	0
0.1875	0.0625	0
0.1875	0.125	0
0.125	0.125	0
18	17	2	19	34
0.1875	0.0625	0
0.25	0.0625	0
0.25	0.125	0
0.1875	0.125	0
19	18	3	20	35
0.25	0.0625	0
0.3125	0.0625	0
0.3125	0.125	0
0.25	0.125	0
20	19	4	21	36
0.3125	0.0625	0
0.375	0.0625	0
0.375	0.125	0
0.3125	0.125	0
21	20	5	22	37
0.375	0.0625	0
0.4375	0.0625	0
0.4375	0.125	0
0.375	0.125	0
22	21	6	23	38
0.4375	0.0625	0
0.5	0.0625	0
0.5	0.125	0
0.4375	0.125	0
23	22	7	24	39
0.5	0.0625	0
0.5625	0.0625	0
0.5625	0.125	0
0.5	0.125	0
24	23	8	25	40
0.5625	0.0625	0
0.625	0.0625	0
0.625	0.125	0
0.5625	0.125	0
25	24	9	26	41
0.625	0.0625	0
0.6875	0.0625	0
0.6875	0.125	0
0.625	0.125	0
26	25	10	27	42
0.6875	0.0625	0
0.75	0.0625	0
0.75	0.125	0
0.6875	0.125	0
27	26	11	28	43
0.75	0.0625	0
0.8125	0.0625	0
0.8125	0.125	0
0.75	0.125	0
28	27	12	29	44
0.8125	0.0625	0
0.875	0.0625	0
0.875	0.125	0
0.8125	0.125	0
29	28	13	30	45
0.875	0.0625	0
0.9375	0.0625	0
0.9375	0.125	0
0.875	0.125	0
30	29	14	31	46
0.9375	0.0625	0
1	0.0625	0
1	0.125	0
0.9375	0.125	0
31	30	15	273	47
0	0.125	0
0.0625	0.125	0
0.0625	0.1875	0
0	0.1875	0
32	306	16	33	48
0.0625	0.125	0
0.125	0.125	0
0.125	0.1875	0
0.0625	0.1875	0
33	32	17	34	49
0.125	0.125	0
0.1875	0.125	0
0.1875	0.1875	0
0.125	0.1875	0
34	33	18	35	50
0.1875	0.125	0
0.25	0.125	0
0.25	0.1875	0
0.1875	0.1875	0
35	34	19	36	51
0.25	0.125	0
0.3125	0.125	0
0.3125	0.1875	0
0.25	0.1875	0
36	35	20	37	52
0.3125	0.125	0
0.375	0.125	0
0.375	0.1875	0
0.3125	0.1875	0
37	36	21	38	53
0.375	0.125	0
0.4375	0.125	0
0.4375	0.1875	0
0.375	0.1875	0
38	37	22	39	54
0.4375	0.125	0
0.5	0.125	0
0.5	0.1875	0
0.4375	0.1875	0
39	38	23	40	55
0.5	0.125	0
0.5625	0.125	0
0.5625	0.1875	0
0.5	0.1875	0
40	39	24	41	56
0.5625	0.125	0
0.625	0.125	0
0.625	0.1875	0
0.5625	0.1875	0
41	40	25	42	57
0.625	0.125	0
0.6875	0.125	0
0.6875	0.1875	0
0.625	0.1875	0
42	41	26	43	58
0.6875	0.125	0
0.75	0.125	0
0.75	0.1875	0
0.6875	0.1875	0
43	42	27	44	59
0.75	0.125	0
0.8125	0.125	0
0.8125	0.1875	0
0.75	0.1875	0
44	43	28	45	60
0.8125	0.125	0
0.875	0.125	0
0.875	0.1875	0
0.8125	0.1875	0
45	44	29	46	61
0.875	0.125	0
0.9375	0.125	0
0.9375	0.1875	0
0.875	0.1875	0
46	45	30	47	62
0.9375	0.125	0
1	0.125	0
1	0.1875	0
0.9375	0.1875	0
47	46	31	274	63
0	0.1875	0
0.0625	0.1875	0
0.0625	0.25	0
0	0.25	0
48	307	32	49	64
0.0625	0.1875	0
0.125	0.1875	0
0.125	0.25	0
0.0625	0.25	0
49	48	33	50	65
0.125	0.1875	0
0.1875	0.1875	0
0.1875	0.25	0
0.125	0.25	0
50	49	34	51	66
0.1875	0.1875	0
0.25	0.1875	0
0.25	0.25	0
0.1875	0.25	0
51	50	35	52	67
0.25	0.1875	0
0.3125	0.1875	0
0.3125	0.25	0
0.25	0.25	0
52	51	36	53	68
0.3125	0.1875	0
0.375	0.1875	0
0.375	0.25	0
0.3125	0.25	0
53	52	37	54	69
0.375	0.1875	0
0.4375	0.1875	0
0.4375	0.25	0
0.375	0.25	0
54	53	38	55	70
0.4375	0.1875	0
0.5	0.1875	0
0.5	0.25	0
0.4375	0.25	0
55	54	39	56	71
0.5	0.1875	0
0.5625	0.1875	0
0.5625	0.25	0
0.5	0.25	0
56	55	40	57	72
0.5625	0.1875	0
0.625	0.1875	0
0.625	0.25	0
0.5625	0.25	0
57	56	41	58	73
0.625	0.1875	0
0.6875	0.1875	0
0.6875	0.25	0
0.625	0.25	0
58	57	42	59	74
0.6875	0.1875	0
0.75	0.1875	0
0.75	0.25	0
0.6875	0.25	0
59	58	43	60	75
0.75	0.1875	0
0.8125	0.1875	0
0.8125	0.25	0
0.75	0.25	0
60	59	44	61	76
0.8125	0.1875	0
0.875	0.1875	0
0.875	0.25	0
0.8125	0.25	0
61	60	45	62	77
0.875	0.1875	0
0.9375	0.1875	0
0.9375	0.25	0
0.875	0.25	0
62	61	46	63	78
0.9375	0.1875	0
1	0.1875	0
1	0.25	0
0.9375	0.25	0
63	62	47	275	79
0	0.25	0
0.0625	0.25	0
0.0625	0.3125	0
0	0.3125	0
64	308	48	65	80
0.0625	0.25	0
0.125	0.25	0
0.125	0.3125	0
0.0625	0.3125	0
65	64	49	66	81
0.125	0.25	0
0.1875	0.25	0
0.1875	0.3125	0
0.125	0.3125	0
66	65	50	67	82
0.1875	0.25	0
0.25	0.25	0
0.25	0.3125	0
0.1875	0.3125	0
67	66	51	68	83
0.25	0.25	0
0.3125	0.25	0
0.3125	0.3125	0
0.25	0.3125	0
68	67	52	69	84
0.3125	0.25	0
0.375	0.25	0
0.375	0.3125	0
0.3125	0.3125	0
69	68	53	70	85
0.375	0.25	0
0.4375	0.25	0
0.4375	0.3125	0
0.375	0.3125	0
70	69	54	71	86
0.4375	0.25	0
0.5	0.25	0
0.5	0.3125	0
0.4375	0.3125	0
71	70	55	72	87
0.5	0.25	0
0.5625	0.25	0
0.5625	0.3125	0
0.5	0.3125	0
72	71	56	73	88
0.5625	0.25	0
0.625	0.25	0
0.625	0.3125	0
0.5625	0.3125	0
73	72	57	74	89
0.625	0.25	0
0.6875	0.25	0
0.6875	0.3125	0
0.625	0.3125	0
74	73	58	75	90
0.6875	0.25	0
0.75	0.25	0
0.75	0.3125	0
0.6875	0.3125	0
75	74	59	76	91
0.75	0.25	0
0.8125	0.25	0
0.8125	0.3125	0
0.75	0.3125	0
76	75	60	77	92
0.8125	0.25	0
0.875	0.25	0
0.875	0.3125	0
0.8125	0.3125	0
77	76	61	78	93
0.875	0.25	0
0.9375	0.25	0
0.9375	0.3125	0
0.875	0.3125	0
78	77	62	79	94
0.9375	0.25	0
1	0.25	0
1	0.3125	0
0.9375	0.3125	0
79	78	63	276	95
0	0.3125	0
0.0625	0.3125	0
0.0625	0.375	0
0	0.375	0
80	309	64	81	96
0.0625	0.3125	0
0.125	0.3125	0
0.125	0.375	0
0.0625	0.375	0
81	80	65	82	97
0.125	0.3125	0
0.1875	0.3125	0
0.1875	0.375	0
0.125	0.375	0
82	81	66	83	98
0.1875	0.3125	0
0.25	0.3125	0
0.25	0.375	0
0.1875	0.375	0
83	82	67	84	99
0.25	0.3125	0
0.3125	0.3125	0
0.3125	0.375	0
0.25	0.375	0
84	83	68	85	100
0.3125	0.3125	0
0.375	0.3125	0
0.375	0.375	0
0.3125	0.375	0
85	84	69	86	101
0.375	0.3125	0
0.4375	0.3125	0
0.4375	0.375	0
0.375	0.375	0
86	85	70	87	102
0.4375	0.3125	0
0.5	0.3125	0
0.5	0.375	0
0.4375	0.375	0
87	86	71	88	103
0.5	0.3125	0
0.5625	0.3125	0
0.5625	0.375	0
0.5	0.375	0
88	87	72	89	104
0.5625	0.3125	0
0.625	0.3125	0
0.625	0.375	0
0.5625	0.375	0
89	88	73	90	105
0.625	0.3125	0
0.6875	0.3125	0
0.6875	0.375	0
0.625	0.375	0
90	89	74	91	106
0.6875	0.3125	0
0.75	0.3125	0
0.75	0.375	0
0.6875	0.375	0
91	90	75	92	107
0.75	0.3125	0
0.8125	0.3125	0
0.8125	0.375	0
0.75	0.375	0
92	91	76	93	108
0.8125	0.3125	0
0.875	0.3125	0
0.875	0.375	0
0.8125	0.375	0
93	92	77	94	109
0.875	0.3125	0
0.9375	0.3125	0
0.9375	0.375	0
0.875	0.375	0
94	93	78	95	110
0.9375	0.3125	0
1	0.3125	0
1	0.375	0
0.9375	0.375	0
95	94	79	277	111
0	0.375	0
0.0625	0.375	0
0.0625	0.4375	0
0	0.4375	0
96	310	80	97	112
0.0625	0.375	0
0.125	0.375	0
0.125	0.4375	0
0.0625	0.4375	0
97	96	81	98	113
0.125	0.375	0
0.1875	0.375	0
0.1875	0.4375	0
0.125	0.4375	0
98	97	82	99	114
0.1875	0.375	0
0.25	0.375	0
0.25	0.4375	0
0.1875	0.4375	0
99	98	83	100	115
0.25	0.375	0
0.3125	0.375	0
0.3125	0.4375	0
0.25	0.4375	0
100	99	84	101	116
0.3125	0.375	0
0.375	0.375	0
0.375	0.4375	0
0.3125	0.4375	0
101	100	85	102	117
0.375	0.375	0
0.4375	0.375	0
0.4375	0.4375	0
0.375	0.4375	0
102	101	86	103	118
0.4375	0.375	0
0.5	0.375	0
0.5	0.4375	0
0.4375	0.4375	0
103	102	87	104	119
0.5	0.375	0
0.5625	0.375	0
0.5625	0.4375	0
0.5	0.4375	0
104	103	88	105	120
0.5625	0.375	0
0.625	0.375	0
0.625	0.4375	0
0.5625	0.4375	0
105	104	89	106	121
0.625	0.375	0
0.6875	0.375	0
0.6875	0.4375	0
0.625	0.4375	0
106	105	90	107	122
0.6875	0.375	0
0.75	0.375	0
0.75	0.4375	0
0.6875	0.4375	0
107	106	91	108	123
0.75	0.375	0
0.8125	0.375	0
0.8125	0.4375	0
0.75	0.4375	0
108	107	92	109	124
0.8125	0.375	0
0.875	0.375	0
0.875	0.4375	0
0.8125	0.4375	0
109	108	93	110	125
0.875	0.375	0
0.9375	0.375	0
0.9375	0.4375	0
0.875	0.4375	0
110	109	94	111	126
0.9375	0.375	0
1	0.375	0
1	0.4375	0
0.9375	0.4375	0
111	110	95	278	127
0	0.4375	0
0.0625	0.4375	0
0.0625	0.5	0
0	0.5	0
112	311	96	113	128
0.0625	0.4375	0
0.125	0.4375	0
0.125	0.5	0
0.0625	0.5	0
113	112	97	114	129
0.125	0.4375	0
0.1875	0.4375	0
0.1875	0.5	0
0.125	0.5	0
114	113	98	115	130
0.1875	0.4375	0
0.25	0.4375	0
0.25	0.5	0
0.1875	0.5	0
115	114	99	116	131
0.25	0.4375	0
0.3125	0.4375	0
0.3125	0.5	0
0.25	0.5	0
116	115	100	117	132
0.3125	0.4375	0
0.375	0.4375	0
0.375	0.5	0
0.3125	0.5	0
117	116	101	118	133
0.375	0.4375	0
0.4375	0.4375	0
0.4375	0.5	0
0.375	0.5	0
118	117	102	119	134
0.4375	0.4375	0
0.5	0.4375	0
0.5	0.5	0
0.4375	0.5	0
119	118	103	120	135
0.5	0.4375	0
0.5625	0.4375	0
0.5625	0.5	0
0.5	0.5	0
120	119	104	121	136
0.5625	0.4375	0
0.625	0.4375	0
0.625	0.5	0
0.5625	0.5	0
121	120	105	122	137
0.625	0.4375	0
0.6875	0.4375	0
0.6875	0.5	0
0.625	0.5	0
122	121	106	123	138
0.6875	0.4375	0
0.75	0.4375	0
0.75	0.5	0
0.6875	0.5	0
123	122	107	124	139
0.75	0.4375	0
0.8125	0.4375	0
0.8125	0.5	0
0.75	0.5	0
124	123	108	125	140
0.8125	0.4375	0
0.875	0.4375	0
0.875	0.5	0
0.8125	0.5	0
125	124	109	126	141
0.875	0.4375	0
0.9375	0.4375	0
0.9375	0.5	0
0.875	0.5	0
126	125	110	127	142
0.9375	0.4375	0
1	0.4375	0
1	0.5	0
0.9375	0.5	0
127	126	111	279	143
0	0.5	0
0.0625	0.5	0
0.0625	0.5625	0
0	0.5625	0
128	312	112	129	144
0.0625	0.5	0
0.125	0.5	0
0.125	0.5625	0
0.0625	0.5625	0
129	128	113	130	145
0.125	0.5	0
0.1875	0.5	0
0.1875	0.5625	0
0.125	0.5625	0
130	129	114	131	146
0.1875	0.5	0
0.25	0.5	0
0.25	0.5625	0
0.1875	0.5625	0
131	130	115	132	147
0.25	0.5	0
0.3125	0.5	0
0.3125	0.5625	0
0.25	0.5625	0
132	131	116	133	148
0.3125	0.5	0
0.375	0.5	0
0.375	0.5625	0
0.3125	0.5625	0
133	132	117	134	149
0.375	0.5	0
0.4375	0.5	0
0.4375	0.5625	0
0.375	0.5625	0
134	133	118	135	150
0.4375	0.5	0
0.5	0.5	0
0.5	0.5625	0
0.4375	0.5625	0
135	134	119	136	151
0.5	0.5	0
0.5625	0.5	0
0.5625	0.5625	0
0.5	0.5625	0
136	135	120	137	152
0.5625	0.5	0
0.625	0.5	0
0.625	0.5625	0
0.5625	0.5625	0
137	136	121	138	153
0.625	0.5	0
0.6875	0.5	0
0.6875	0.5625	0
0.625	0.5625	0
138	137	122	139	154
0.6875	0.5	0
0.75	0.5	0
0.75	0.5625	0
0.6875	0.5625	0
139	138	123	140	155
0.75	0.5	0
0.8125	0.5	0
0.8125	0.5625	0
0.75	0.5625	0
140	139	124	141	156
0.8125	0.5	0
0.875	0.5	0
0.875	0.5625	0
0.8125	0.5625	0
141	140	125	142	157
0.875	0.5	0
0.9375	0.5	0
0.9375	0.5625	0
0.875	0.5625	0
142	141	126	143	158
0.9375	0.5	0
1	0.5	0
1	0.5625	0
0.9375	0.5625	0
143	142	127	280	159
0	0.5625	0
0.0625	0.5625	0
0.0625	0.625	0
0	0.625	0
144	313	128	145	160
0.0625	0.5625	0
0.125	0.5625	0
0.125	0.625	0
0.0625	0.625	0
145	144	129	146	161
0.125	0.5625	0
0.1875	0.5625	0
0.1875	0.625	0
0.125	0.625	0
146	145	130	147	162
0.1875	0.5625	0
0.25	0.5625	0
0.25	0.625	0
0.1875	0.625	0
147	146	131	148	163
0.25	0.5625	0
0.3125	0.5625	0
0.3125	0.625	0
0.25	0.625	0
148	147	132	149	164
0.3125	0.5625	0
0.375	0.5625	0
0.375	0.625	0
0.3125	0.625	0
149	148	133	150	165
0.375	0.5625	0
0.4375	0.5625	0
0.4375	0.625	0
0.375	0.625	0
150	149	134	151	166
0.4375	0.5625	0
0.5	0.5625	0
0.5	0.625	0
0.4375	0.625	0
151	150	135	152	167
0.5	0.5625	0
0.5625	0.5625	0
0.5625	0.625	0
0.5	0.625	0
152	151	136	153	168
0.5625	0.5625	0
0.625	0.5625	0
0.625	0.625	0
0.5625	0.625	0
153	152	137	154	169
0.625	0.5625	0
0.6875	0.5625	0
0.6875	0.625	0
0.625	0.625	0
154	153	138	155	170
0.6875	0.5625	0
0.75	0.5625	0
0.75	0.625	0
0.6875	0.625	0
155	154	139	156	171
0.75	0.5625	0
0.8125	0.5625	0
0.8125	0.625	0
0.75	0.625	0
156	155	140	157	172
0.8125	0.5625	0
0.875	0.5625	0
0.875	0.625	0
0.8125	0.625	0
157	156	141	158	173
0.875	0.5625	0
0.9375	0.5625	0
0.9375	0.625	0
0.875	0.625	0
158	157	142	159	174
0.9375	0.5625	0
1	0.5625	0
1	0.625	0
0.9375	0.625	0
159	158	143	281	175
0	0.625	0
0.0625	0.625	0
0.0625	0.6875	0
0	0.6875	0
160	314	144	161	176
0.0625	0.625	0
0.125	0.625	0
0.125	0.6875	0
0.0625	0.6875	0
161	160	145	162	177
0.125	0.625	0
0.1875	0.625	0
0.1875	0.6875	0
0.125	0.6875	0
162	161	146	163	178
0.1875	0.625	0
0.25	0.625	0
0.25	0.6875	0
0.1875	0.6875	0
163	162	147	164	179
0.25	0.625	0
0.3125	0.625	0
0.3125	0.6875	0
0.25	0.6875	0
164	163	148	165	180
0.3125	0.625	0
0.375	0.625	0
0.375	0.6875	0
0.3125	0.6875	0
165	164	149	166	181
0.375	0.625	0
0.4375	0.625	0
0.4375	0.6875	0
0.375	0.6875	0
166	165	150	167	182
0.4375	0.625	0
0.5	0.625	0
0.5	0.6875	0
0.4375	0.6875	0
167	166	151	168	183
0.5	0.625	0
0.5625	0.625	0
0.5625	0.6875	0
0.5	0.6875	0
168	167	152	169	184
0.5625	0.625	0
0.625	0.625	0
0.625	0.6875	0
0.5625	0.6875	0
169	168	153	170	185
0.625	0.625	0
0.6875	0.625	0
0.6875	0.6875	0
0.625	0.6875	0
170	169	154	171	186
0.6875	0.625	0
0.75	0.625	0
0.75	0.6875	0
0.6875	0.6875	0
171	170	155	172	187
0.75	0.625	0
0.8125	0.625	0
0.8125	0.6875	0
0.75	0.6875	0
172	171	156	173	188
0.8125	0.625	0
0.875	0.625	0
0.875	0.6875	0
0.8125	0.6875	0
173	172	157	174	189
0.875	0.625	0
0.9375	0.625	0
0.9375	0.6875	0
0.875	0.6875	0
174	173	158	175	190
0.9375	0.625	0
1	0.625	0
1	0.6875	0
0.9375	0.6875	0
175	174	159	282	191
0	0.6875	0
0.0625	0.6875	0
0.0625	0.75	0
0	0.75	0
176	315	160	177	192
0.0625	0.6875	0
0.125	0.6875	0
0.125	0.75	0
0.0625	0.75	0
177	176	161	178	193
0.125	0.6875	0
0.1875	0.6875	0
0.1875	0.75	0
0.125	0.75	0
178	177	162	179	194
0.1875	0.6875	0
0.25	0.6875	0
0.25	0.75	0
0.1875	0.75	0
179	178	163	180	195
0.25	0.6875	0
0.3125	0.6875	0
0.3125	0.75	0
0.25	0.75	0
180	179	164	181	196
0.3125	0.6875	0
0.375	0.6875	0
0.375	0.75	0
0.3125	0.75	0
181	180	165	182	197
0.375	0.6875	0
0.4375	0.6875	0
0.4375	0.75	0
0.375	0.75	0
182	181	166	183	198
0.4375	0.6875	0
0.5	0.6875	0
0.5	0.75	0
0.4375	0.75	0
183	182	167	184	199
0.5	0.6875	0
0.5625	0.6875	0
0.5625	0.75	0
0.5	0.75	0
184	183	168	185	200
0.5625	0.6875	0
0.625	0.6875	0
0.625	0.75	0
0.5625	0.75	0
185	184	169	186	201
0.625	0.6875	0
0.6875	0.6875	0
0.6875	0.75	0
0.625	0.75	0
186	185	170	187	202
0.6875	0.6875	0
0.75	0.6875	0
0.75	0.75	0
0.6875	0.75	0
187	186	171	188	203
0.75	0.6875	0
0.8125	0.6875	0
0.8125	0.75	0
0.75	0.75	0
188	187	172	189	204
0.8125	0.6875	0
0.875	0.6875	0
0.875	0.75	0
0.8125	0.75	0
189	188	173	190	205
0.875	0.6875	0
0.9375	0.6875	0
0.9375	0.75	0
0.875	0.75	0
190	189	174	191	206
0.9375	0.6875	0
1	0.6875	0
1	0.75	0
0.9375	0.75	0
191	190	175	283	207
0	0.75	0
0.0625	0.75	0
0.0625	0.8125	0
0	0.8125	0
192	316	176	193	208
0.0625	0.75	0
0.125	0.75	0
0.125	0.8125	0
0.0625	0.8125	0
193	192	177	194	209
0.125	0.75	0
0.1875	0.75	0
0.1875	0.8125	0
0.125	0.8125	0
194	193	178	195	210
0.1875	0.75	0
0.25	0.75	0
0.25	0.8125	0
0.1875	0.8125	0
195	194	179	196	211
0.25	0.75	0
0.3125	0.75	0
0.3125	0.8125	0
0.25	0.8125	0
196	195	180	197	212
0.3125	0.75	0
0.375	0.75	0
0.375	0.8125	0
0.3125	0.8125	0
197	196	181	198	213
0.375	0.75	0
0.4375	0.75	0
0.4375	0.8125	0
0.375	0.8125	0
198	197	182	199	214
0.4375	0.75	0
0.5	0.75	0
0.5	0.8125	0
0.4375	0.8125	0
199	198	183	200	215
0.5	0.75	0
0.5625	0.75	0
0.5625	0.8125	0
0.5	0.8125	0
200	199	184	201	216
0.5625	0.75	0
0.625	0.75	0
0.625	0.8125	0
0.5625	0.8125	0
201	200	185	202	217
0.625	0.75	0
0.6875	0.75	0
0.6875	0.8125	0
0.625	0.8125	0
202	201	186	203	218
0.6875	0.75	0
0.75	0.75	0
0.75	0.8125	0
0.6875	0.8125	0
203	202	187	204	219
0.75	0.75	0
0.8125	0.75	0
0.8125	0.8125	0
0.75	0.8125	0
204	203	188	205	220
0.8125	0.75	0
0.875	0.75	0
0.875	0.8125	0
0.8125	0.8125	0
205	204	189	206	221
0.875	0.75	0
0.9375	0.75	0
0.9375	0.8125	0
0.875	0.8125	0
206	205	190	207	222
0.9375	0.75	0
1	0.75	0
1	0.8125	0
0.9375	0.8125	0
207	206	191	284	223
0	0.8125	0
0.0625	0.8125	0
0.0625	0.875	0
0	0.875	0
208	317	192	209	224
0.0625	0.8125	0
0.125	0.8125	0
0.125	0.875	0
0.0625	0.875	0
209	208	193	210	225
0.125	0.8125	0
0.1875	0.8125	0
0.1875	0.875	0
0.125	0.875	0
210	209	194	211	226
0.1875	0.8125	0
0.25	0.8125	0
0.25	0.875	0
0.1875	0.875	0
211	210	195	212	227
0.25	0.8125	0
0.3125	0.8125	0
0.3125	0.875	0
0.25	0.875	0
212	211	196	213	228
0.3125	0.8125	0
0.375	0.8125	0
0.375	0.875	0
0.3125	0.875	0
213	212	197	214	229
0.375	0.8125	0
0.4375	0.8125	0
0.4375	0.875	0
0.375	0.875	0
214	213	198	215	230
0.4375	0.8125	0
0.5	0.8125	0
0.5	0.875	0
0.4375	0.875	0
215	214	199	216	231
0.5	0.8125	0
0.5625	0.8125	0
0.5625	0.875	0
0.5	0.875	0
216	215	200	217	232
0.5625	0.8125	0
0.625	0.8125	0
0.625	0.875	0
0.5625	0.875	0
217	216	201	218	233
0.625	0.8125	0
0.6875	0.8125	0
0.6875	0.875	0
0.625	0.875	0
218	217	202	219	234
0.6875	0.8125	0
0.75	0.8125	0
0.75	0.875	0
0.6875	0.875	0
219	218	203	220	235
0.75	0.8125	0
0.8125	0.8125	0
0.8125	0.875	0
0.75	0.875	0
220	219	204	221	236
0.8125	0.8125	0
0.875	0.8125	0
0.875	0.875	0
0.8125	0.875	0
221	220	205	222	237
0.875	0.8125	0
0.9375	0.8125	0
0.9375	0.875	0
0.875	0.875	0
222	221	206	223	238
0.9375	0.8125	0
1	0.8125	0
1	0.875	0
0.9375	0.875	0
223	222	207	285	239
0	0.875	0
0.0625	0.875	0
0.0625	0.9375	0
0	0.9375	0
224	318	208	225	240
0.0625	0.875	0
0.125	0.875	0
0.125	0.9375	0
0.0625	0.9375	0
225	224	209	226	241
0.125	0.875	0
0.1875	0.875	0
0.1875	0.9375	0
0.125	0.9375	0
226	225	210	227	242
0.1875	0.875	0
0.25	0.875	0
0.25	0.9375	0
0.1875	0.9375	0
227	226	211	228	243
0.25	0.875	0
0.3125	0.875	0
0.3125	0.9375	0
0.25	0.9375	0
228	227	212	229	244
0.3125	0.875	0
0.375	0.875	0
0.375	0.9375	0
0.3125	0.9375	0
229	228	213	230	245
0.375	0.875	0
0.4375	0.875	0
0.4375	0.9375	0
0.375	0.9375	0
230	229	214	231	246
0.4375	0.875	0
0.5	0.875	0
0.5	0.9375	0
0.4375	0.9375	0
231	230	215	232	247
0.5	0.875	0
0.5625	0.875	0
0.5625	0.9375	0
0.5	0.9375	0
232	231	216	233	248
0.5625	0.875	0
0.625	0.875	0
0.625	0.9375	0
0.5625	0.9375	0
233	232	217	234	249
0.625	0.875	0
0.6875	0.875	0
0.6875	0.9375	0
0.625	0.9375	0
234	233	218	235	250
0.6875	0.875	0
0.75	0.875	0
0.75	0.9375	0
0.6875	0.9375	0
235	234	219	236	251
0.75	0.875	0
0.8125	0.875	0
0.8125	0.9375	0
0.75	0.9375	0
236	235	220	237	252
0.8125	0.875	0
0.875	0.875	0
0.875	0.9375	0
0.8125	0.9375	0
237	236	221	238	253
0.875	0.875	0
0.9375	0.875	0
0.9375	0.9375	0
0.875	0.9375	0
238	237	222	239	254
0.9375	0.875	0
1	0.875	0
1	0.9375	0
0.9375	0.9375	0
239	238	223	286	255
0	0.9375	0
0.0625	0.9375	0
0.0625	1	0
0	1	0
240	319	224	241	288
0.0625	0.9375	0
0.125	0.9375	0
0.125	1	0
0.0625	1	0
241	240	225	242	289
0.125	0.9375	0
0.1875	0.9375	0
0.1875	1	0
0.125	1	0
242	241	226	243	290
0.1875	0.9375	0
0.25	0.9375	0
0.25	1	0
0.1875	1	0
243	242	227	244	291
0.25	0.9375	0
0.3125	0.9375	0
0.3125	1	0
0.25	1	0
244	243	228	245	292
0.3125	0.9375	0
0.375	0.9375	0
0.375	1	0
0.3125	1	0
245	244	229	246	293
0.375	0.9375	0
0.4375	0.9375	0
0.4375	1	0
0.375	1	0
246	245	230	247	294
0.4375	0.9375	0
0.5	0.9375	0
0.5	1	0
0.4375	1	0
247	246	231	248	295
0.5	0.9375	0
0.5625	0.9375	0
0.5625	1	0
0.5	1	0
248	247	232	249	296
0.5625	0.9375	0
0.625	0.9375	0
0.625	1	0
0.5625	1	0
249	248	233	250	297
0.625	0.9375	0
0.6875	0.9375	0
0.6875	1	0
0.625	1	0
250	249	234	251	298
0.6875	0.9375	0
0.75	0.9375	0
0.75	1	0
0.6875	1	0
251	250	235	252	299
0.75	0.9375	0
0.8125	0.9375	0
0.8125	1	0
0.75	1	0
252	251	236	253	300
0.8125	0.9375	0
0.875	0.9375	0
0.875	1	0
0.8125	1	0
253	252	237	254	301
0.875	0.9375	0
0.9375	0.9375	0
0.9375	1	0
0.875	1	0
254	253	238	255	302
0.9375	0.9375	0
1	0.9375	0
1	1	0
0.9375	1	0
255	254	239	287	303
Inlet_Boundary_Cells	0	16
0	0	304
16	0	305
32	0	306
48	0	307
64	0	308
80	0	309
96	0	310
112	0	311
128	0	312
144	0	313
160	0	314
176	0	315
192	0	316
208	0	317
224	0	318
240	0	319
Exit_Boundary_Cells	1	48
0	1	256
1	1	257
2	1	258
3	1	259
4	1	260
5	1	261
6	1	262
7	1	263
8	1	264
9	1	265
10	1	266
11	1	267
12	1	268
13	1	269
14	1	270
15	2	272
15	1	271
31	2	273
47	2	274
63	2	275
79	2	276
95	2	277
111	2	278
127	2	279
143	2	280
159	2	281
175	2	282
191	2	283
207	2	284
223	2	285
239	2	286
240	3	288
241	3	289
242	3	290
243	3	291
244	3	292
245	3	293
246	3	294
247	3	295
248	3	296
249	3	297
250	3	298
251	3	299
252	3	300
253	3	301
254	3	302
255	2	287
255	3	303
Wall_Boundary_Cells	2	0
Symmetry_Boundary_Cells	3	0
