0
0
33	33
1024
0	0	0
0.03125	0	0
0.03125	0.03125	0
0	0.03125	0
0	1120	1024	1	32
0.03125	0	0
0.0625	0	0
0.0625	0.03125	0
0.03125	0.03125	0
1	0	1025	2	33
0.0625	0	0
0.09375	0	0
0.09375	0.03125	0
0.0625	0.03125	0
2	1	1026	3	34
0.09375	0	0
0.125	0	0
0.125	0.03125	0
0.09375	0.03125	0
3	2	1027	4	35
0.125	0	0
0.15625	0	0
0.15625	0.03125	0
0.125	0.03125	0
4	3	1028	5	36
0.15625	0	0
0.1875	0	0
0.1875	0.03125	0
0.15625	0.03125	0
5	4	1029	6	37
0.1875	0	0
0.21875	0	0
0.21875	0.03125	0
0.1875	0.03125	0
6	5	1030	7	38
0.21875	0	0
0.25	0	0
0.25	0.03125	0
0.21875	0.03125	0
7	6	1031	8	39
0.25	0	0
0.28125	0	0
0.28125	0.03125	0
0.25	0.03125	0
8	7	1032	9	40
0.28125	0	0
0.3125	0	0
0.3125	0.03125	0
0.28125	0.03125	0
9	8	1033	10	41
0.3125	0	0
0.34375	0	0
0.34375	0.03125	0
0.3125	0.03125	0
10	9	1034	11	42
0.34375	0	0
0.375	0	0
0.375	0.03125	0
0.34375	0.03125	0
11	10	1035	12	43
0.375	0	0
0.40625	0	0
0.40625	0.03125	0
0.375	0.03125	0
12	11	1036	13	44
0.40625	0	0
0.4375	0	0
0.4375	0.03125	0
0.40625	0.03125	0
13	12	1037	14	45
0.4375	0	0
0.46875	0	0
0.46875	0.03125	0
0.4375	0.03125	0
14	13	1038	15	46
0.46875	0	0
0.5	0	0
0.5	0.03125	0
0.46875	0.03125	0
15	14	1039	16	47
0.5	0	0
0.53125	0	0
0.53125	0.03125	0
0.5	0.03125	0
16	15	1040	17	48
0.53125	0	0
0.5625	0	0
0.5625	0.03125	0
0.53125	0.03125	0
17	16	1041	18	49
0.5625	0	0
0.59375	0	0
0.59375	0.03125	0
0.5625	0.03125	0
18	17	1042	19	50
0.59375	0	0
0.625	0	0
0.625	0.03125	0
0.59375	0.03125	0
19	18	1043	20	51
0.625	0	0
0.65625	0	0
0.65625	0.03125	0
0.625	0.03125	0
20	19	1044	21	52
0.65625	0	0
0.6875	0	0
0.6875	0.03125	0
0.65625	0.03125	0
21	20	1045	22	53
0.6875	0	0
0.71875	0	0
0.71875	0.03125	0
0.6875	0.03125	0
22	21	1046	23	54
0.71875	0	0
0.75	0	0
0.75	0.03125	0
0.71875	0.03125	0
23	22	1047	24	55
0.75	0	0
0.78125	0	0
0.78125	0.03125	0
0.75	0.03125	0
24	23	1048	25	56
0.78125	0	0
0.8125	0	0
0.8125	0.03125	0
0.78125	0.03125	0
25	24	1049	26	57
0.8125	0	0
0.84375	0	0
0.84375	0.03125	0
0.8125	0.03125	0
26	25	1050	27	58
0.84375	0	0
0.875	0	0
0.875	0.03125	0
0.84375	0.03125	0
27	26	1051	28	59
0.875	0	0
0.90625	0	0
0.90625	0.03125	0
0.875	0.03125	0
28	27	1052	29	60
0.90625	0	0
0.9375	0	0
0.9375	0.03125	0
0.90625	0.03125	0
29	28	1053	30	61
0.9375	0	0
0.96875	0	0
0.96875	0.03125	0
0.9375	0.03125	0
30	29	1054	31	62
0.96875	0	0
1	0	0
1	0.03125	0
0.96875	0.03125	0
31	30	1055	1056	63
0	0.03125	0
0.03125	0.03125	0
0.03125	0.0625	0
0	0.0625	0
32	1121	0	33	64
0.03125	0.03125	0
0.0625	0.03125	0
0.0625	0.0625	0
0.03125	0.0625	0
33	32	1	34	65
0.0625	0.03125	0
0.09375	0.03125	0
0.09375	0.0625	0
0.0625	0.0625	0
34	33	2	35	66
0.09375	0.03125	0
0.125	0.03125	0
0.125	0.0625	0
0.09375	0.0625	0
35	34	3	36	67
0.125	0.03125	0
0.15625	0.03125	0
0.15625	0.0625	0
0.125	0.0625	0
36	35	4	37	68
0.15625	0.03125	0
0.1875	0.03125	0
0.1875	0.0625	0
0.15625	0.0625	0
37	36	5	38	69
0.1875	0.03125	0
0.21875	0.03125	0
0.21875	0.0625	0
0.1875	0.0625	0
38	37	6	39	70
0.21875	0.03125	0
0.25	0.03125	0
0.25	0.0625	0
0.21875	0.0625	0
39	38	7	40	71
0.25	0.03125	0
0.28125	0.03125	0
0.28125	0.0625	0
0.25	0.0625	0
40	39	8	41	72
0.28125	0.03125	0
0.3125	0.03125	0
0.3125	0.0625	0
0.28125	0.0625	0
41	40	9	42	73
0.3125	0.03125	0
0.34375	0.03125	0
0.34375	0.0625	0
0.3125	0.0625	0
42	41	10	43	74
0.34375	0.03125	0
0.375	0.03125	0
0.375	0.0625	0
0.34375	0.0625	0
43	42	11	44	75
0.375	0.03125	0
0.40625	0.03125	0
0.40625	0.0625	0
0.375	0.0625	0
44	43	12	45	76
0.40625	0.03125	0
0.4375	0.03125	0
0.4375	0.0625	0
0.40625	0.0625	0
45	44	13	46	77
0.4375	0.03125	0
0.46875	0.03125	0
0.46875	0.0625	0
0.4375	0.0625	0
46	45	14	47	78
0.46875	0.03125	0
0.5	0.03125	0
0.5	0.0625	0
0.46875	0.0625	0
47	46	15	48	79
0.5	0.03125	0
0.53125	0.03125	0
0.53125	0.0625	0
0.5	0.0625	0
48	47	16	49	80
0.53125	0.03125	0
0.5625	0.03125	0
0.5625	0.0625	0
0.53125	0.0625	0
49	48	17	50	81
0.5625	0.03125	0
0.59375	0.03125	0
0.59375	0.0625	0
0.5625	0.0625	0
50	49	18	51	82
0.59375	0.03125	0
0.625	0.03125	0
0.625	0.0625	0
0.59375	0.0625	0
51	50	19	52	83
0.625	0.03125	0
0.65625	0.03125	0
0.65625	0.0625	0
0.625	0.0625	0
52	51	20	53	84
0.65625	0.03125	0
0.6875	0.03125	0
0.6875	0.0625	0
0.65625	0.0625	0
53	52	21	54	85
0.6875	0.03125	0
0.71875	0.03125	0
0.71875	0.0625	0
0.6875	0.0625	0
54	53	22	55	86
0.71875	0.03125	0
0.75	0.03125	0
0.75	0.0625	0
0.71875	0.0625	0
55	54	23	56	87
0.75	0.03125	0
0.78125	0.03125	0
0.78125	0.0625	0
0.75	0.0625	0
56	55	24	57	88
0.78125	0.03125	0
0.8125	0.03125	0
0.8125	0.0625	0
0.78125	0.0625	0
57	56	25	58	89
0.8125	0.03125	0
0.84375	0.03125	0
0.84375	0.0625	0
0.8125	0.0625	0
58	57	26	59	90
0.84375	0.03125	0
0.875	0.03125	0
0.875	0.0625	0
0.84375	0.0625	0
59	58	27	60	91
0.875	0.03125	0
0.90625	0.03125	0
0.90625	0.0625	0
0.875	0.0625	0
60	59	28	61	92
0.90625	0.03125	0
0.9375	0.03125	0
0.9375	0.0625	0
0.90625	0.0625	0
61	60	29	62	93
0.9375	0.03125	0
0.96875	0.03125	0
0.96875	0.0625	0
0.9375	0.0625	0
62	61	30	63	94
0.96875	0.03125	0
1	0.03125	0
1	0.0625	0
0.96875	0.0625	0
63	62	31	1057	95
0	0.0625	0
0.03125	0.0625	0
0.03125	0.09375	0
0	0.09375	0
64	1122	32	65	96
0.03125	0.0625	0
0.0625	0.0625	0
0.0625	0.09375	0
0.03125	0.09375	0
65	64	33	66	97
0.0625	0.0625	0
0.09375	0.0625	0
0.09375	0.09375	0
0.0625	0.09375	0
66	65	34	67	98
0.09375	0.0625	0
0.125	0.0625	0
0.125	0.09375	0
0.09375	0.09375	0
67	66	35	68	99
0.125	0.0625	0
0.15625	0.0625	0
0.15625	0.09375	0
0.125	0.09375	0
68	67	36	69	100
0.15625	0.0625	0
0.1875	0.0625	0
0.1875	0.09375	0
0.15625	0.09375	0
69	68	37	70	101
0.1875	0.0625	0
0.21875	0.0625	0
0.21875	0.09375	0
0.1875	0.09375	0
70	69	38	71	102
0.21875	0.0625	0
0.25	0.0625	0
0.25	0.09375	0
0.21875	0.09375	0
71	70	39	72	103
0.25	0.0625	0
0.28125	0.0625	0
0.28125	0.09375	0
0.25	0.09375	0
72	71	40	73	104
0.28125	0.0625	0
0.3125	0.0625	0
0.3125	0.09375	0
0.28125	0.09375	0
73	72	41	74	105
0.3125	0.0625	0
0.34375	0.0625	0
0.34375	0.09375	0
0.3125	0.09375	0
74	73	42	75	106
0.34375	0.0625	0
0.375	0.0625	0
0.375	0.09375	0
0.34375	0.09375	0
75	74	43	76	107
0.375	0.0625	0
0.40625	0.0625	0
0.40625	0.09375	0
0.375	0.09375	0
76	75	44	77	108
0.40625	0.0625	0
0.4375	0.0625	0
0.4375	0.09375	0
0.40625	0.09375	0
77	76	45	78	109
0.4375	0.0625	0
0.46875	0.0625	0
0.46875	0.09375	0
0.4375	0.09375	0
78	77	46	79	110
0.46875	0.0625	0
0.5	0.0625	0
0.5	0.09375	0
0.46875	0.09375	0
79	78	47	80	111
0.5	0.0625	0
0.53125	0.0625	0
0.53125	0.09375	0
0.5	0.09375	0
80	79	48	81	112
0.53125	0.0625	0
0.5625	0.0625	0
0.5625	0.09375	0
0.53125	0.09375	0
81	80	49	82	113
0.5625	0.0625	0
0.59375	0.0625	0
0.59375	0.09375	0
0.5625	0.09375	0
82	81	50	83	114
0.59375	0.0625	0
0.625	0.0625	0
0.625	0.09375	0
0.59375	0.09375	0
83	82	51	84	115
0.625	0.0625	0
0.65625	0.0625	0
0.65625	0.09375	0
0.625	0.09375	0
84	83	52	85	116
0.65625	0.0625	0
0.6875	0.0625	0
0.6875	0.09375	0
0.65625	0.09375	0
85	84	53	86	117
0.6875	0.0625	0
0.71875	0.0625	0
0.71875	0.09375	0
0.6875	0.09375	0
86	85	54	87	118
0.71875	0.0625	0
0.75	0.0625	0
0.75	0.09375	0
0.71875	0.09375	0
87	86	55	88	119
0.75	0.0625	0
0.78125	0.0625	0
0.78125	0.09375	0
0.75	0.09375	0
88	87	56	89	120
0.78125	0.0625	0
0.8125	0.0625	0
0.8125	0.09375	0
0.78125	0.09375	0
89	88	57	90	121
0.8125	0.0625	0
0.84375	0.0625	0
0.84375	0.09375	0
0.8125	0.09375	0
90	89	58	91	122
0.84375	0.0625	0
0.875	0.0625	0
0.875	0.09375	0
0.84375	0.09375	0
91	90	59	92	123
0.875	0.0625	0
0.90625	0.0625	0
0.90625	0.09375	0
0.875	0.09375	0
92	91	60	93	124
0.90625	0.0625	0
0.9375	0.0625	0
0.9375	0.09375	0
0.90625	0.09375	0
93	92	61	94	125
0.9375	0.0625	0
0.96875	0.0625	0
0.96875	0.09375	0
0.9375	0.09375	0
94	93	62	95	126
0.96875	0.0625	0
1	0.0625	0
1	0.09375	0
0.96875	0.09375	0
95	94	63	1058	127
0	0.09375	0
0.03125	0.09375	0
0.03125	0.125	0
0	0.125	0
96	1123	64	97	128
0.03125	0.09375	0
0.0625	0.09375	0
0.0625	0.125	0
0.03125	0.125	0
97	96	65	98	129
0.0625	0.09375	0
0.09375	0.09375	0
0.09375	0.125	0
0.0625	0.125	0
98	97	66	99	130
0.09375	0.09375	0
0.125	0.09375	0
0.125	0.125	0
0.09375	0.125	0
99	98	67	100	131
0.125	0.09375	0
0.15625	0.09375	0
0.15625	0.125	0
0.125	0.125	0
100	99	68	101	132
0.15625	0.09375	0
0.1875	0.09375	0
0.1875	0.125	0
0.15625	0.125	0
101	100	69	102	133
0.1875	0.09375	0
0.21875	0.09375	0
0.21875	0.125	0
0.1875	0.125	0
102	101	70	103	134
0.21875	0.09375	0
0.25	0.09375	0
0.25	0.125	0
0.21875	0.125	0
103	102	71	104	135
0.25	0.09375	0
0.28125	0.09375	0
0.28125	0.125	0
0.25	0.125	0
104	103	72	105	136
0.28125	0.09375	0
0.3125	0.09375	0
0.3125	0.125	0
0.28125	0.125	0
105	104	73	106	137
0.3125	0.09375	0
0.34375	0.09375	0
0.34375	0.125	0
0.3125	0.125	0
106	105	74	107	138
0.34375	0.09375	0
0.375	0.09375	0
0.375	0.125	0
0.34375	0.125	0
107	106	75	108	139
0.375	0.09375	0
0.40625	0.09375	0
0.40625	0.125	0
0.375	0.125	0
108	107	76	109	140
0.40625	0.09375	0
0.4375	0.09375	0
0.4375	0.125	0
0.40625	0.125	0
109	108	77	110	141
0.4375	0.09375	0
0.46875	0.09375	0
0.46875	0.125	0
0.4375	0.125	0
110	109	78	111	142
0.46875	0.09375	0
0.5	0.09375	0
0.5	0.125	0
0.46875	0.125	0
111	110	79	112	143
0.5	0.09375	0
0.53125	0.09375	0
0.53125	0.125	0
0.5	0.125	0
112	111	80	113	144
0.53125	0.09375	0
0.5625	0.09375	0
0.5625	0.125	0
0.53125	0.125	0
113	112	81	114	145
0.5625	0.09375	0
0.59375	0.09375	0
0.59375	0.125	0
0.5625	0.125	0
114	113	82	115	146
0.59375	0.09375	0
0.625	0.09375	0
0.625	0.125	0
0.59375	0.125	0
115	114	83	116	147
0.625	0.09375	0
0.65625	0.09375	0
0.65625	0.125	0
0.625	0.125	0
116	115	84	117	148
0.65625	0.09375	0
0.6875	0.09375	0
0.6875	0.125	0
0.65625	0.125	0
117	116	85	118	149
0.6875	0.09375	0
0.71875	0.09375	0
0.71875	0.125	0
0.6875	0.125	0
118	117	86	119	150
0.71875	0.09375	0
0.75	0.09375	0
0.75	0.125	0
0.71875	0.125	0
119	118	87	120	151
0.75	0.09375	0
0.78125	0.09375	0
0.78125	0.125	0
0.75	0.125	0
120	119	88	121	152
0.78125	0.09375	0
0.8125	0.09375	0
0.8125	0.125	0
0.78125	0.125	0
121	120	89	122	153
0.8125	0.09375	0
0.84375	0.09375	0
0.84375	0.125	0
0.8125	0.125	0
122	121	90	123	154
0.84375	0.09375	0
0.875	0.09375	0
0.875	0.125	0
0.84375	0.125	0
123	122	91	124	155
0.875	0.09375	0
0.90625	0.09375	0
0.90625	0.125	0
0.875	0.125	0
124	123	92	125	156
0.90625	0.09375	0
0.9375	0.09375	0
0.9375	0.125	0
0.90625	0.125	0
125	124	93	126	157
0.9375	0.09375	0
0.96875	0.09375	0
0.96875	0.125	0
0.9375	0.125	0
126	125	94	127	158
0.96875	0.09375	0
1	0.09375	0
1	0.125	0
0.96875	0.125	0
127	126	95	1059	159
0	0.125	0
0.03125	0.125	0
0.03125	0.15625	0
0	0.15625	0
128	1124	96	129	160
0.03125	0.125	0
0.0625	0.125	0
0.0625	0.15625	0
0.03125	0.15625	0
129	128	97	130	161
0.0625	0.125	0
0.09375	0.125	0
0.09375	0.15625	0
0.0625	0.15625	0
130	129	98	131	162
0.09375	0.125	0
0.125	0.125	0
0.125	0.15625	0
0.09375	0.15625	0
131	130	99	132	163
0.125	0.125	0
0.15625	0.125	0
0.15625	0.15625	0
0.125	0.15625	0
132	131	100	133	164
0.15625	0.125	0
0.1875	0.125	0
0.1875	0.15625	0
0.15625	0.15625	0
133	132	101	134	165
0.1875	0.125	0
0.21875	0.125	0
0.21875	0.15625	0
0.1875	0.15625	0
134	133	102	135	166
0.21875	0.125	0
0.25	0.125	0
0.25	0.15625	0
0.21875	0.15625	0
135	134	103	136	167
0.25	0.125	0
0.28125	0.125	0
0.28125	0.15625	0
0.25	0.15625	0
136	135	104	137	168
0.28125	0.125	0
0.3125	0.125	0
0.3125	0.15625	0
0.28125	0.15625	0
137	136	105	138	169
0.3125	0.125	0
0.34375	0.125	0
0.34375	0.15625	0
0.3125	0.15625	0
138	137	106	139	170
0.34375	0.125	0
0.375	0.125	0
0.375	0.15625	0
0.34375	0.15625	0
139	138	107	140	171
0.375	0.125	0
0.40625	0.125	0
0.40625	0.15625	0
0.375	0.15625	0
140	139	108	141	172
0.40625	0.125	0
0.4375	0.125	0
0.4375	0.15625	0
0.40625	0.15625	0
141	140	109	142	173
0.4375	0.125	0
0.46875	0.125	0
0.46875	0.15625	0
0.4375	0.15625	0
142	141	110	143	174
0.46875	0.125	0
0.5	0.125	0
0.5	0.15625	0
0.46875	0.15625	0
143	142	111	144	175
0.5	0.125	0
0.53125	0.125	0
0.53125	0.15625	0
0.5	0.15625	0
144	143	112	145	176
0.53125	0.125	0
0.5625	0.125	0
0.5625	0.15625	0
0.53125	0.15625	0
145	144	113	146	177
0.5625	0.125	0
0.59375	0.125	0
0.59375	0.15625	0
0.5625	0.15625	0
146	145	114	147	178
0.59375	0.125	0
0.625	0.125	0
0.625	0.15625	0
0.59375	0.15625	0
147	146	115	148	179
0.625	0.125	0
0.65625	0.125	0
0.65625	0.15625	0
0.625	0.15625	0
148	147	116	149	180
0.65625	0.125	0
0.6875	0.125	0
0.6875	0.15625	0
0.65625	0.15625	0
149	148	117	150	181
0.6875	0.125	0
0.71875	0.125	0
0.71875	0.15625	0
0.6875	0.15625	0
150	149	118	151	182
0.71875	0.125	0
0.75	0.125	0
0.75	0.15625	0
0.71875	0.15625	0
151	150	119	152	183
0.75	0.125	0
0.78125	0.125	0
0.78125	0.15625	0
0.75	0.15625	0
152	151	120	153	184
0.78125	0.125	0
0.8125	0.125	0
0.8125	0.15625	0
0.78125	0.15625	0
153	152	121	154	185
0.8125	0.125	0
0.84375	0.125	0
0.84375	0.15625	0
0.8125	0.15625	0
154	153	122	155	186
0.84375	0.125	0
0.875	0.125	0
0.875	0.15625	0
0.84375	0.15625	0
155	154	123	156	187
0.875	0.125	0
0.90625	0.125	0
0.90625	0.15625	0
0.875	0.15625	0
156	155	124	157	188
0.90625	0.125	0
0.9375	0.125	0
0.9375	0.15625	0
0.90625	0.15625	0
157	156	125	158	189
0.9375	0.125	0
0.96875	0.125	0
0.96875	0.15625	0
0.9375	0.15625	0
158	157	126	159	190
0.96875	0.125	0
1	0.125	0
1	0.15625	0
0.96875	0.15625	0
159	158	127	1060	191
0	0.15625	0
0.03125	0.15625	0
0.03125	0.1875	0
0	0.1875	0
160	1125	128	161	192
0.03125	0.15625	0
0.0625	0.15625	0
0.0625	0.1875	0
0.03125	0.1875	0
161	160	129	162	193
0.0625	0.15625	0
0.09375	0.15625	0
0.09375	0.1875	0
0.0625	0.1875	0
162	161	130	163	194
0.09375	0.15625	0
0.125	0.15625	0
0.125	0.1875	0
0.09375	0.1875	0
163	162	131	164	195
0.125	0.15625	0
0.15625	0.15625	0
0.15625	0.1875	0
0.125	0.1875	0
164	163	132	165	196
0.15625	0.15625	0
0.1875	0.15625	0
0.1875	0.1875	0
0.15625	0.1875	0
165	164	133	166	197
0.1875	0.15625	0
0.21875	0.15625	0
0.21875	0.1875	0
0.1875	0.1875	0
166	165	134	167	198
0.21875	0.15625	0
0.25	0.15625	0
0.25	0.1875	0
0.21875	0.1875	0
167	166	135	168	199
0.25	0.15625	0
0.28125	0.15625	0
0.28125	0.1875	0
0.25	0.1875	0
168	167	136	169	200
0.28125	0.15625	0
0.3125	0.15625	0
0.3125	0.1875	0
0.28125	0.1875	0
169	168	137	170	201
0.3125	0.15625	0
0.34375	0.15625	0
0.34375	0.1875	0
0.3125	0.1875	0
170	169	138	171	202
0.34375	0.15625	0
0.375	0.15625	0
0.375	0.1875	0
0.34375	0.1875	0
171	170	139	172	203
0.375	0.15625	0
0.40625	0.15625	0
0.40625	0.1875	0
0.375	0.1875	0
172	171	140	173	204
0.40625	0.15625	0
0.4375	0.15625	0
0.4375	0.1875	0
0.40625	0.1875	0
173	172	141	174	205
0.4375	0.15625	0
0.46875	0.15625	0
0.46875	0.1875	0
0.4375	0.1875	0
174	173	142	175	206
0.46875	0.15625	0
0.5	0.15625	0
0.5	0.1875	0
0.46875	0.1875	0
175	174	143	176	207
0.5	0.15625	0
0.53125	0.15625	0
0.53125	0.1875	0
0.5	0.1875	0
176	175	144	177	208
0.53125	0.15625	0
0.5625	0.15625	0
0.5625	0.1875	0
0.53125	0.1875	0
177	176	145	178	209
0.5625	0.15625	0
0.59375	0.15625	0
0.59375	0.1875	0
0.5625	0.1875	0
178	177	146	179	210
0.59375	0.15625	0
0.625	0.15625	0
0.625	0.1875	0
0.59375	0.1875	0
179	178	147	180	211
0.625	0.15625	0
0.65625	0.15625	0
0.65625	0.1875	0
0.625	0.1875	0
180	179	148	181	212
0.65625	0.15625	0
0.6875	0.15625	0
0.6875	0.1875	0
0.65625	0.1875	0
181	180	149	182	213
0.6875	0.15625	0
0.71875	0.15625	0
0.71875	0.1875	0
0.6875	0.1875	0
182	181	150	183	214
0.71875	0.15625	0
0.75	0.15625	0
0.75	0.1875	0
0.71875	0.1875	0
183	182	151	184	215
0.75	0.15625	0
0.78125	0.15625	0
0.78125	0.1875	0
0.75	0.1875	0
184	183	152	185	216
0.78125	0.15625	0
0.8125	0.15625	0
0.8125	0.1875	0
0.78125	0.1875	0
185	184	153	186	217
0.8125	0.15625	0
0.84375	0.15625	0
0.84375	0.1875	0
0.8125	0.1875	0
186	185	154	187	218
0.84375	0.15625	0
0.875	0.15625	0
0.875	0.1875	0
0.84375	0.1875	0
187	186	155	188	219
0.875	0.15625	0
0.90625	0.15625	0
0.90625	0.1875	0
0.875	0.1875	0
188	187	156	189	220
0.90625	0.15625	0
0.9375	0.15625	0
0.9375	0.1875	0
0.90625	0.1875	0
189	188	157	190	221
0.9375	0.15625	0
0.96875	0.15625	0
0.96875	0.1875	0
0.9375	0.1875	0
190	189	158	191	222
0.96875	0.15625	0
1	0.15625	0
1	0.1875	0
0.96875	0.1875	0
191	190	159	1061	223
0	0.1875	0
0.03125	0.1875	0
0.03125	0.21875	0
0	0.21875	0
192	1126	160	193	224
0.03125	0.1875	0
0.0625	0.1875	0
0.0625	0.21875	0
0.03125	0.21875	0
193	192	161	194	225
0.0625	0.1875	0
0.09375	0.1875	0
0.09375	0.21875	0
0.0625	0.21875	0
194	193	162	195	226
0.09375	0.1875	0
0.125	0.1875	0
0.125	0.21875	0
0.09375	0.21875	0
195	194	163	196	227
0.125	0.1875	0
0.15625	0.1875	0
0.15625	0.21875	0
0.125	0.21875	0
196	195	164	197	228
0.15625	0.1875	0
0.1875	0.1875	0
0.1875	0.21875	0
0.15625	0.21875	0
197	196	165	198	229
0.1875	0.1875	0
0.21875	0.1875	0
0.21875	0.21875	0
0.1875	0.21875	0
198	197	166	199	230
0.21875	0.1875	0
0.25	0.1875	0
0.25	0.21875	0
0.21875	0.21875	0
199	198	167	200	231
0.25	0.1875	0
0.28125	0.1875	0
0.28125	0.21875	0
0.25	0.21875	0
200	199	168	201	232
0.28125	0.1875	0
0.3125	0.1875	0
0.3125	0.21875	0
0.28125	0.21875	0
201	200	169	202	233
0.3125	0.1875	0
0.34375	0.1875	0
0.34375	0.21875	0
0.3125	0.21875	0
202	201	170	203	234
0.34375	0.1875	0
0.375	0.1875	0
0.375	0.21875	0
0.34375	0.21875	0
203	202	171	204	235
0.375	0.1875	0
0.40625	0.1875	0
0.40625	0.21875	0
0.375	0.21875	0
204	203	172	205	236
0.40625	0.1875	0
0.4375	0.1875	0
0.4375	0.21875	0
0.40625	0.21875	0
205	204	173	206	237
0.4375	0.1875	0
0.46875	0.1875	0
0.46875	0.21875	0
0.4375	0.21875	0
206	205	174	207	238
0.46875	0.1875	0
0.5	0.1875	0
0.5	0.21875	0
0.46875	0.21875	0
207	206	175	208	239
0.5	0.1875	0
0.53125	0.1875	0
0.53125	0.21875	0
0.5	0.21875	0
208	207	176	209	240
0.53125	0.1875	0
0.5625	0.1875	0
0.5625	0.21875	0
0.53125	0.21875	0
209	208	177	210	241
0.5625	0.1875	0
0.59375	0.1875	0
0.59375	0.21875	0
0.5625	0.21875	0
210	209	178	211	242
0.59375	0.1875	0
0.625	0.1875	0
0.625	0.21875	0
0.59375	0.21875	0
211	210	179	212	243
0.625	0.1875	0
0.65625	0.1875	0
0.65625	0.21875	0
0.625	0.21875	0
212	211	180	213	244
0.65625	0.1875	0
0.6875	0.1875	0
0.6875	0.21875	0
0.65625	0.21875	0
213	212	181	214	245
0.6875	0.1875	0
0.71875	0.1875	0
0.71875	0.21875	0
0.6875	0.21875	0
214	213	182	215	246
0.71875	0.1875	0
0.75	0.1875	0
0.75	0.21875	0
0.71875	0.21875	0
215	214	183	216	247
0.75	0.1875	0
0.78125	0.1875	0
0.78125	0.21875	0
0.75	0.21875	0
216	215	184	217	248
0.78125	0.1875	0
0.8125	0.1875	0
0.8125	0.21875	0
0.78125	0.21875	0
217	216	185	218	249
0.8125	0.1875	0
0.84375	0.1875	0
0.84375	0.21875	0
0.8125	0.21875	0
218	217	186	219	250
0.84375	0.1875	0
0.875	0.1875	0
0.875	0.21875	0
0.84375	0.21875	0
219	218	187	220	251
0.875	0.1875	0
0.90625	0.1875	0
0.90625	0.21875	0
0.875	0.21875	0
220	219	188	221	252
0.90625	0.1875	0
0.9375	0.1875	0
0.9375	0.21875	0
0.90625	0.21875	0
221	220	189	222	253
0.9375	0.1875	0
0.96875	0.1875	0
0.96875	0.21875	0
0.9375	0.21875	0
222	221	190	223	254
0.96875	0.1875	0
1	0.1875	0
1	0.21875	0
0.96875	0.21875	0
223	222	191	1062	255
0	0.21875	0
0.03125	0.21875	0
0.03125	0.25	0
0	0.25	0
224	1127	192	225	256
0.03125	0.21875	0
0.0625	0.21875	0
0.0625	0.25	0
0.03125	0.25	0
225	224	193	226	257
0.0625	0.21875	0
0.09375	0.21875	0
0.09375	0.25	0
0.0625	0.25	0
226	225	194	227	258
0.09375	0.21875	0
0.125	0.21875	0
0.125	0.25	0
0.09375	0.25	0
227	226	195	228	259
0.125	0.21875	0
0.15625	0.21875	0
0.15625	0.25	0
0.125	0.25	0
228	227	196	229	260
0.15625	0.21875	0
0.1875	0.21875	0
0.1875	0.25	0
0.15625	0.25	0
229	228	197	230	261
0.1875	0.21875	0
0.21875	0.21875	0
0.21875	0.25	0
0.1875	0.25	0
230	229	198	231	262
0.21875	0.21875	0
0.25	0.21875	0
0.25	0.25	0
0.21875	0.25	0
231	230	199	232	263
0.25	0.21875	0
0.28125	0.21875	0
0.28125	0.25	0
0.25	0.25	0
232	231	200	233	264
0.28125	0.21875	0
0.3125	0.21875	0
0.3125	0.25	0
0.28125	0.25	0
233	232	201	234	265
0.3125	0.21875	0
0.34375	0.21875	0
0.34375	0.25	0
0.3125	0.25	0
234	233	202	235	266
0.34375	0.21875	0
0.375	0.21875	0
0.375	0.25	0
0.34375	0.25	0
235	234	203	236	267
0.375	0.21875	0
0.40625	0.21875	0
0.40625	0.25	0
0.375	0.25	0
236	235	204	237	268
0.40625	0.21875	0
0.4375	0.21875	0
0.4375	0.25	0
0.40625	0.25	0
237	236	205	238	269
0.4375	0.21875	0
0.46875	0.21875	0
0.46875	0.25	0
0.4375	0.25	0
238	237	206	239	270
0.46875	0.21875	0
0.5	0.21875	0
0.5	0.25	0
0.46875	0.25	0
239	238	207	240	271
0.5	0.21875	0
0.53125	0.21875	0
0.53125	0.25	0
0.5	0.25	0
240	239	208	241	272
0.53125	0.21875	0
0.5625	0.21875	0
0.5625	0.25	0
0.53125	0.25	0
241	240	209	242	273
0.5625	0.21875	0
0.59375	0.21875	0
0.59375	0.25	0
0.5625	0.25	0
242	241	210	243	274
0.59375	0.21875	0
0.625	0.21875	0
0.625	0.25	0
0.59375	0.25	0
243	242	211	244	275
0.625	0.21875	0
0.65625	0.21875	0
0.65625	0.25	0
0.625	0.25	0
244	243	212	245	276
0.65625	0.21875	0
0.6875	0.21875	0
0.6875	0.25	0
0.65625	0.25	0
245	244	213	246	277
0.6875	0.21875	0
0.71875	0.21875	0
0.71875	0.25	0
0.6875	0.25	0
246	245	214	247	278
0.71875	0.21875	0
0.75	0.21875	0
0.75	0.25	0
0.71875	0.25	0
247	246	215	248	279
0.75	0.21875	0
0.78125	0.21875	0
0.78125	0.25	0
0.75	0.25	0
248	247	216	249	280
0.78125	0.21875	0
0.8125	0.21875	0
0.8125	0.25	0
0.78125	0.25	0
249	248	217	250	281
0.8125	0.21875	0
0.84375	0.21875	0
0.84375	0.25	0
0.8125	0.25	0
250	249	218	251	282
0.84375	0.21875	0
0.875	0.21875	0
0.875	0.25	0
0.84375	0.25	0
251	250	219	252	283
0.875	0.21875	0
0.90625	0.21875	0
0.90625	0.25	0
0.875	0.25	0
252	251	220	253	284
0.90625	0.21875	0
0.9375	0.21875	0
0.9375	0.25	0
0.90625	0.25	0
253	252	221	254	285
0.9375	0.21875	0
0.96875	0.21875	0
0.96875	0.25	0
0.9375	0.25	0
254	253	222	255	286
0.96875	0.21875	0
1	0.21875	0
1	0.25	0
0.96875	0.25	0
255	254	223	1063	287
0	0.25	0
0.03125	0.25	0
0.03125	0.28125	0
0	0.28125	0
256	1128	224	257	288
0.03125	0.25	0
0.0625	0.25	0
0.0625	0.28125	0
0.03125	0.28125	0
257	256	225	258	289
0.0625	0.25	0
0.09375	0.25	0
0.09375	0.28125	0
0.0625	0.28125	0
258	257	226	259	290
0.09375	0.25	0
0.125	0.25	0
0.125	0.28125	0
0.09375	0.28125	0
259	258	227	260	291
0.125	0.25	0
0.15625	0.25	0
0.15625	0.28125	0
0.125	0.28125	0
260	259	228	261	292
0.15625	0.25	0
0.1875	0.25	0
0.1875	0.28125	0
0.15625	0.28125	0
261	260	229	262	293
0.1875	0.25	0
0.21875	0.25	0
0.21875	0.28125	0
0.1875	0.28125	0
262	261	230	263	294
0.21875	0.25	0
0.25	0.25	0
0.25	0.28125	0
0.21875	0.28125	0
263	262	231	264	295
0.25	0.25	0
0.28125	0.25	0
0.28125	0.28125	0
0.25	0.28125	0
264	263	232	265	296
0.28125	0.25	0
0.3125	0.25	0
0.3125	0.28125	0
0.28125	0.28125	0
265	264	233	266	297
0.3125	0.25	0
0.34375	0.25	0
0.34375	0.28125	0
0.3125	0.28125	0
266	265	234	267	298
0.34375	0.25	0
0.375	0.25	0
0.375	0.28125	0
0.34375	0.28125	0
267	266	235	268	299
0.375	0.25	0
0.40625	0.25	0
0.40625	0.28125	0
0.375	0.28125	0
268	267	236	269	300
0.40625	0.25	0
0.4375	0.25	0
0.4375	0.28125	0
0.40625	0.28125	0
269	268	237	270	301
0.4375	0.25	0
0.46875	0.25	0
0.46875	0.28125	0
0.4375	0.28125	0
270	269	238	271	302
0.46875	0.25	0
0.5	0.25	0
0.5	0.28125	0
0.46875	0.28125	0
271	270	239	272	303
0.5	0.25	0
0.53125	0.25	0
0.53125	0.28125	0
0.5	0.28125	0
272	271	240	273	304
0.53125	0.25	0
0.5625	0.25	0
0.5625	0.28125	0
0.53125	0.28125	0
273	272	241	274	305
0.5625	0.25	0
0.59375	0.25	0
0.59375	0.28125	0
0.5625	0.28125	0
274	273	242	275	306
0.59375	0.25	0
0.625	0.25	0
0.625	0.28125	0
0.59375	0.28125	0
275	274	243	276	307
0.625	0.25	0
0.65625	0.25	0
0.65625	0.28125	0
0.625	0.28125	0
276	275	244	277	308
0.65625	0.25	0
0.6875	0.25	0
0.6875	0.28125	0
0.65625	0.28125	0
277	276	245	278	309
0.6875	0.25	0
0.71875	0.25	0
0.71875	0.28125	0
0.6875	0.28125	0
278	277	246	279	310
0.71875	0.25	0
0.75	0.25	0
0.75	0.28125	0
0.71875	0.28125	0
279	278	247	280	311
0.75	0.25	0
0.78125	0.25	0
0.78125	0.28125	0
0.75	0.28125	0
280	279	248	281	312
0.78125	0.25	0
0.8125	0.25	0
0.8125	0.28125	0
0.78125	0.28125	0
281	280	249	282	313
0.8125	0.25	0
0.84375	0.25	0
0.84375	0.28125	0
0.8125	0.28125	0
282	281	250	283	314
0.84375	0.25	0
0.875	0.25	0
0.875	0.28125	0
0.84375	0.28125	0
283	282	251	284	315
0.875	0.25	0
0.90625	0.25	0
0.90625	0.28125	0
0.875	0.28125	0
284	283	252	285	316
0.90625	0.25	0
0.9375	0.25	0
0.9375	0.28125	0
0.90625	0.28125	0
285	284	253	286	317
0.9375	0.25	0
0.96875	0.25	0
0.96875	0.28125	0
0.9375	0.28125	0
286	285	254	287	318
0.96875	0.25	0
1	0.25	0
1	0.28125	0
0.96875	0.28125	0
287	286	255	1064	319
0	0.28125	0
0.03125	0.28125	0
0.03125	0.3125	0
0	0.3125	0
288	1129	256	289	320
0.03125	0.28125	0
0.0625	0.28125	0
0.0625	0.3125	0
0.03125	0.3125	0
289	288	257	290	321
0.0625	0.28125	0
0.09375	0.28125	0
0.09375	0.3125	0
0.0625	0.3125	0
290	289	258	291	322
0.09375	0.28125	0
0.125	0.28125	0
0.125	0.3125	0
0.09375	0.3125	0
291	290	259	292	323
0.125	0.28125	0
0.15625	0.28125	0
0.15625	0.3125	0
0.125	0.3125	0
292	291	260	293	324
0.15625	0.28125	0
0.1875	0.28125	0
0.1875	0.3125	0
0.15625	0.3125	0
293	292	261	294	325
0.1875	0.28125	0
0.21875	0.28125	0
0.21875	0.3125	0
0.1875	0.3125	0
294	293	262	295	326
0.21875	0.28125	0
0.25	0.28125	0
0.25	0.3125	0
0.21875	0.3125	0
295	294	263	296	327
0.25	0.28125	0
0.28125	0.28125	0
0.28125	0.3125	0
0.25	0.3125	0
296	295	264	297	328
0.28125	0.28125	0
0.3125	0.28125	0
0.3125	0.3125	0
0.28125	0.3125	0
297	296	265	298	329
0.3125	0.28125	0
0.34375	0.28125	0
0.34375	0.3125	0
0.3125	0.3125	0
298	297	266	299	330
0.34375	0.28125	0
0.375	0.28125	0
0.375	0.3125	0
0.34375	0.3125	0
299	298	267	300	331
0.375	0.28125	0
0.40625	0.28125	0
0.40625	0.3125	0
0.375	0.3125	0
300	299	268	301	332
0.40625	0.28125	0
0.4375	0.28125	0
0.4375	0.3125	0
0.40625	0.3125	0
301	300	269	302	333
0.4375	0.28125	0
0.46875	0.28125	0
0.46875	0.3125	0
0.4375	0.3125	0
302	301	270	303	334
0.46875	0.28125	0
0.5	0.28125	0
0.5	0.3125	0
0.46875	0.3125	0
303	302	271	304	335
0.5	0.28125	0
0.53125	0.28125	0
0.53125	0.3125	0
0.5	0.3125	0
304	303	272	305	336
0.53125	0.28125	0
0.5625	0.28125	0
0.5625	0.3125	0
0.53125	0.3125	0
305	304	273	306	337
0.5625	0.28125	0
0.59375	0.28125	0
0.59375	0.3125	0
0.5625	0.3125	0
306	305	274	307	338
0.59375	0.28125	0
0.625	0.28125	0
0.625	0.3125	0
0.59375	0.3125	0
307	306	275	308	339
0.625	0.28125	0
0.65625	0.28125	0
0.65625	0.3125	0
0.625	0.3125	0
308	307	276	309	340
0.65625	0.28125	0
0.6875	0.28125	0
0.6875	0.3125	0
0.65625	0.3125	0
309	308	277	310	341
0.6875	0.28125	0
0.71875	0.28125	0
0.71875	0.3125	0
0.6875	0.3125	0
310	309	278	311	342
0.71875	0.28125	0
0.75	0.28125	0
0.75	0.3125	0
0.71875	0.3125	0
311	310	279	312	343
0.75	0.28125	0
0.78125	0.28125	0
0.78125	0.3125	0
0.75	0.3125	0
312	311	280	313	344
0.78125	0.28125	0
0.8125	0.28125	0
0.8125	0.3125	0
0.78125	0.3125	0
313	312	281	314	345
0.8125	0.28125	0
0.84375	0.28125	0
0.84375	0.3125	0
0.8125	0.3125	0
314	313	282	315	346
0.84375	0.28125	0
0.875	0.28125	0
0.875	0.3125	0
0.84375	0.3125	0
315	314	283	316	347
0.875	0.28125	0
0.90625	0.28125	0
0.90625	0.3125	0
0.875	0.3125	0
316	315	284	317	348
0.90625	0.28125	0
0.9375	0.28125	0
0.9375	0.3125	0
0.90625	0.3125	0
317	316	285	318	349
0.9375	0.28125	0
0.96875	0.28125	0
0.96875	0.3125	0
0.9375	0.3125	0
318	317	286	319	350
0.96875	0.28125	0
1	0.28125	0
1	0.3125	0
0.96875	0.3125	0
319	318	287	1065	351
0	0.3125	0
0.03125	0.3125	0
0.03125	0.34375	0
0	0.34375	0
320	1130	288	321	352
0.03125	0.3125	0
0.0625	0.3125	0
0.0625	0.34375	0
0.03125	0.34375	0
321	320	289	322	353
0.0625	0.3125	0
0.09375	0.3125	0
0.09375	0.34375	0
0.0625	0.34375	0
322	321	290	323	354
0.09375	0.3125	0
0.125	0.3125	0
0.125	0.34375	0
0.09375	0.34375	0
323	322	291	324	355
0.125	0.3125	0
0.15625	0.3125	0
0.15625	0.34375	0
0.125	0.34375	0
324	323	292	325	356
0.15625	0.3125	0
0.1875	0.3125	0
0.1875	0.34375	0
0.15625	0.34375	0
325	324	293	326	357
0.1875	0.3125	0
0.21875	0.3125	0
0.21875	0.34375	0
0.1875	0.34375	0
326	325	294	327	358
0.21875	0.3125	0
0.25	0.3125	0
0.25	0.34375	0
0.21875	0.34375	0
327	326	295	328	359
0.25	0.3125	0
0.28125	0.3125	0
0.28125	0.34375	0
0.25	0.34375	0
328	327	296	329	360
0.28125	0.3125	0
0.3125	0.3125	0
0.3125	0.34375	0
0.28125	0.34375	0
329	328	297	330	361
0.3125	0.3125	0
0.34375	0.3125	0
0.34375	0.34375	0
0.3125	0.34375	0
330	329	298	331	362
0.34375	0.3125	0
0.375	0.3125	0
0.375	0.34375	0
0.34375	0.34375	0
331	330	299	332	363
0.375	0.3125	0
0.40625	0.3125	0
0.40625	0.34375	0
0.375	0.34375	0
332	331	300	333	364
0.40625	0.3125	0
0.4375	0.3125	0
0.4375	0.34375	0
0.40625	0.34375	0
333	332	301	334	365
0.4375	0.3125	0
0.46875	0.3125	0
0.46875	0.34375	0
0.4375	0.34375	0
334	333	302	335	366
0.46875	0.3125	0
0.5	0.3125	0
0.5	0.34375	0
0.46875	0.34375	0
335	334	303	336	367
0.5	0.3125	0
0.53125	0.3125	0
0.53125	0.34375	0
0.5	0.34375	0
336	335	304	337	368
0.53125	0.3125	0
0.5625	0.3125	0
0.5625	0.34375	0
0.53125	0.34375	0
337	336	305	338	369
0.5625	0.3125	0
0.59375	0.3125	0
0.59375	0.34375	0
0.5625	0.34375	0
338	337	306	339	370
0.59375	0.3125	0
0.625	0.3125	0
0.625	0.34375	0
0.59375	0.34375	0
339	338	307	340	371
0.625	0.3125	0
0.65625	0.3125	0
0.65625	0.34375	0
0.625	0.34375	0
340	339	308	341	372
0.65625	0.3125	0
0.6875	0.3125	0
0.6875	0.34375	0
0.65625	0.34375	0
341	340	309	342	373
0.6875	0.3125	0
0.71875	0.3125	0
0.71875	0.34375	0
0.6875	0.34375	0
342	341	310	343	374
0.71875	0.3125	0
0.75	0.3125	0
0.75	0.34375	0
0.71875	0.34375	0
343	342	311	344	375
0.75	0.3125	0
0.78125	0.3125	0
0.78125	0.34375	0
0.75	0.34375	0
344	343	312	345	376
0.78125	0.3125	0
0.8125	0.3125	0
0.8125	0.34375	0
0.78125	0.34375	0
345	344	313	346	377
0.8125	0.3125	0
0.84375	0.3125	0
0.84375	0.34375	0
0.8125	0.34375	0
346	345	314	347	378
0.84375	0.3125	0
0.875	0.3125	0
0.875	0.34375	0
0.84375	0.34375	0
347	346	315	348	379
0.875	0.3125	0
0.90625	0.3125	0
0.90625	0.34375	0
0.875	0.34375	0
348	347	316	349	380
0.90625	0.3125	0
0.9375	0.3125	0
0.9375	0.34375	0
0.90625	0.34375	0
349	348	317	350	381
0.9375	0.3125	0
0.96875	0.3125	0
0.96875	0.34375	0
0.9375	0.34375	0
350	349	318	351	382
0.96875	0.3125	0
1	0.3125	0
1	0.34375	0
0.96875	0.34375	0
351	350	319	1066	383
0	0.34375	0
0.03125	0.34375	0
0.03125	0.375	0
0	0.375	0
352	1131	320	353	384
0.03125	0.34375	0
0.0625	0.34375	0
0.0625	0.375	0
0.03125	0.375	0
353	352	321	354	385
0.0625	0.34375	0
0.09375	0.34375	0
0.09375	0.375	0
0.0625	0.375	0
354	353	322	355	386
0.09375	0.34375	0
0.125	0.34375	0
0.125	0.375	0
0.09375	0.375	0
355	354	323	356	387
0.125	0.34375	0
0.15625	0.34375	0
0.15625	0.375	0
0.125	0.375	0
356	355	324	357	388
0.15625	0.34375	0
0.1875	0.34375	0
0.1875	0.375	0
0.15625	0.375	0
357	356	325	358	389
0.1875	0.34375	0
0.21875	0.34375	0
0.21875	0.375	0
0.1875	0.375	0
358	357	326	359	390
0.21875	0.34375	0
0.25	0.34375	0
0.25	0.375	0
0.21875	0.375	0
359	358	327	360	391
0.25	0.34375	0
0.28125	0.34375	0
0.28125	0.375	0
0.25	0.375	0
360	359	328	361	392
0.28125	0.34375	0
0.3125	0.34375	0
0.3125	0.375	0
0.28125	0.375	0
361	360	329	362	393
0.3125	0.34375	0
0.34375	0.34375	0
0.34375	0.375	0
0.3125	0.375	0
362	361	330	363	394
0.34375	0.34375	0
0.375	0.34375	0
0.375	0.375	0
0.34375	0.375	0
363	362	331	364	395
0.375	0.34375	0
0.40625	0.34375	0
0.40625	0.375	0
0.375	0.375	0
364	363	332	365	396
0.40625	0.34375	0
0.4375	0.34375	0
0.4375	0.375	0
0.40625	0.375	0
365	364	333	366	397
0.4375	0.34375	0
0.46875	0.34375	0
0.46875	0.375	0
0.4375	0.375	0
366	365	334	367	398
0.46875	0.34375	0
0.5	0.34375	0
0.5	0.375	0
0.46875	0.375	0
367	366	335	368	399
0.5	0.34375	0
0.53125	0.34375	0
0.53125	0.375	0
0.5	0.375	0
368	367	336	369	400
0.53125	0.34375	0
0.5625	0.34375	0
0.5625	0.375	0
0.53125	0.375	0
369	368	337	370	401
0.5625	0.34375	0
0.59375	0.34375	0
0.59375	0.375	0
0.5625	0.375	0
370	369	338	371	402
0.59375	0.34375	0
0.625	0.34375	0
0.625	0.375	0
0.59375	0.375	0
371	370	339	372	403
0.625	0.34375	0
0.65625	0.34375	0
0.65625	0.375	0
0.625	0.375	0
372	371	340	373	404
0.65625	0.34375	0
0.6875	0.34375	0
0.6875	0.375	0
0.65625	0.375	0
373	372	341	374	405
0.6875	0.34375	0
0.71875	0.34375	0
0.71875	0.375	0
0.6875	0.375	0
374	373	342	375	406
0.71875	0.34375	0
0.75	0.34375	0
0.75	0.375	0
0.71875	0.375	0
375	374	343	376	407
0.75	0.34375	0
0.78125	0.34375	0
0.78125	0.375	0
0.75	0.375	0
376	375	344	377	408
0.78125	0.34375	0
0.8125	0.34375	0
0.8125	0.375	0
0.78125	0.375	0
377	376	345	378	409
0.8125	0.34375	0
0.84375	0.34375	0
0.84375	0.375	0
0.8125	0.375	0
378	377	346	379	410
0.84375	0.34375	0
0.875	0.34375	0
0.875	0.375	0
0.84375	0.375	0
379	378	347	380	411
0.875	0.34375	0
0.90625	0.34375	0
0.90625	0.375	0
0.875	0.375	0
380	379	348	381	412
0.90625	0.34375	0
0.9375	0.34375	0
0.9375	0.375	0
0.90625	0.375	0
381	380	349	382	413
0.9375	0.34375	0
0.96875	0.34375	0
0.96875	0.375	0
0.9375	0.375	0
382	381	350	383	414
0.96875	0.34375	0
1	0.34375	0
1	0.375	0
0.96875	0.375	0
383	382	351	1067	415
0	0.375	0
0.03125	0.375	0
0.03125	0.40625	0
0	0.40625	0
384	1132	352	385	416
0.03125	0.375	0
0.0625	0.375	0
0.0625	0.40625	0
0.03125	0.40625	0
385	384	353	386	417
0.0625	0.375	0
0.09375	0.375	0
0.09375	0.40625	0
0.0625	0.40625	0
386	385	354	387	418
0.09375	0.375	0
0.125	0.375	0
0.125	0.40625	0
0.09375	0.40625	0
387	386	355	388	419
0.125	0.375	0
0.15625	0.375	0
0.15625	0.40625	0
0.125	0.40625	0
388	387	356	389	420
0.15625	0.375	0
0.1875	0.375	0
0.1875	0.40625	0
0.15625	0.40625	0
389	388	357	390	421
0.1875	0.375	0
0.21875	0.375	0
0.21875	0.40625	0
0.1875	0.40625	0
390	389	358	391	422
0.21875	0.375	0
0.25	0.375	0
0.25	0.40625	0
0.21875	0.40625	0
391	390	359	392	423
0.25	0.375	0
0.28125	0.375	0
0.28125	0.40625	0
0.25	0.40625	0
392	391	360	393	424
0.28125	0.375	0
0.3125	0.375	0
0.3125	0.40625	0
0.28125	0.40625	0
393	392	361	394	425
0.3125	0.375	0
0.34375	0.375	0
0.34375	0.40625	0
0.3125	0.40625	0
394	393	362	395	426
0.34375	0.375	0
0.375	0.375	0
0.375	0.40625	0
0.34375	0.40625	0
395	394	363	396	427
0.375	0.375	0
0.40625	0.375	0
0.40625	0.40625	0
0.375	0.40625	0
396	395	364	397	428
0.40625	0.375	0
0.4375	0.375	0
0.4375	0.40625	0
0.40625	0.40625	0
397	396	365	398	429
0.4375	0.375	0
0.46875	0.375	0
0.46875	0.40625	0
0.4375	0.40625	0
398	397	366	399	430
0.46875	0.375	0
0.5	0.375	0
0.5	0.40625	0
0.46875	0.40625	0
399	398	367	400	431
0.5	0.375	0
0.53125	0.375	0
0.53125	0.40625	0
0.5	0.40625	0
400	399	368	401	432
0.53125	0.375	0
0.5625	0.375	0
0.5625	0.40625	0
0.53125	0.40625	0
401	400	369	402	433
0.5625	0.375	0
0.59375	0.375	0
0.59375	0.40625	0
0.5625	0.40625	0
402	401	370	403	434
0.59375	0.375	0
0.625	0.375	0
0.625	0.40625	0
0.59375	0.40625	0
403	402	371	404	435
0.625	0.375	0
0.65625	0.375	0
0.65625	0.40625	0
0.625	0.40625	0
404	403	372	405	436
0.65625	0.375	0
0.6875	0.375	0
0.6875	0.40625	0
0.65625	0.40625	0
405	404	373	406	437
0.6875	0.375	0
0.71875	0.375	0
0.71875	0.40625	0
0.6875	0.40625	0
406	405	374	407	438
0.71875	0.375	0
0.75	0.375	0
0.75	0.40625	0
0.71875	0.40625	0
407	406	375	408	439
0.75	0.375	0
0.78125	0.375	0
0.78125	0.40625	0
0.75	0.40625	0
408	407	376	409	440
0.78125	0.375	0
0.8125	0.375	0
0.8125	0.40625	0
0.78125	0.40625	0
409	408	377	410	441
0.8125	0.375	0
0.84375	0.375	0
0.84375	0.40625	0
0.8125	0.40625	0
410	409	378	411	442
0.84375	0.375	0
0.875	0.375	0
0.875	0.40625	0
0.84375	0.40625	0
411	410	379	412	443
0.875	0.375	0
0.90625	0.375	0
0.90625	0.40625	0
0.875	0.40625	0
412	411	380	413	444
0.90625	0.375	0
0.9375	0.375	0
0.9375	0.40625	0
0.90625	0.40625	0
413	412	381	414	445
0.9375	0.375	0
0.96875	0.375	0
0.96875	0.40625	0
0.9375	0.40625	0
414	413	382	415	446
0.96875	0.375	0
1	0.375	0
1	0.40625	0
0.96875	0.40625	0
415	414	383	1068	447
0	0.40625	0
0.03125	0.40625	0
0.03125	0.4375	0
0	0.4375	0
416	1133	384	417	448
0.03125	0.40625	0
0.0625	0.40625	0
0.0625	0.4375	0
0.03125	0.4375	0
417	416	385	418	449
0.0625	0.40625	0
0.09375	0.40625	0
0.09375	0.4375	0
0.0625	0.4375	0
418	417	386	419	450
0.09375	0.40625	0
0.125	0.40625	0
0.125	0.4375	0
0.09375	0.4375	0
419	418	387	420	451
0.125	0.40625	0
0.15625	0.40625	0
0.15625	0.4375	0
0.125	0.4375	0
420	419	388	421	452
0.15625	0.40625	0
0.1875	0.40625	0
0.1875	0.4375	0
0.15625	0.4375	0
421	420	389	422	453
0.1875	0.40625	0
0.21875	0.40625	0
0.21875	0.4375	0
0.1875	0.4375	0
422	421	390	423	454
0.21875	0.40625	0
0.25	0.40625	0
0.25	0.4375	0
0.21875	0.4375	0
423	422	391	424	455
0.25	0.40625	0
0.28125	0.40625	0
0.28125	0.4375	0
0.25	0.4375	0
424	423	392	425	456
0.28125	0.40625	0
0.3125	0.40625	0
0.3125	0.4375	0
0.28125	0.4375	0
425	424	393	426	457
0.3125	0.40625	0
0.34375	0.40625	0
0.34375	0.4375	0
0.3125	0.4375	0
426	425	394	427	458
0.34375	0.40625	0
0.375	0.40625	0
0.375	0.4375	0
0.34375	0.4375	0
427	426	395	428	459
0.375	0.40625	0
0.40625	0.40625	0
0.40625	0.4375	0
0.375	0.4375	0
428	427	396	429	460
0.40625	0.40625	0
0.4375	0.40625	0
0.4375	0.4375	0
0.40625	0.4375	0
429	428	397	430	461
0.4375	0.40625	0
0.46875	0.40625	0
0.46875	0.4375	0
0.4375	0.4375	0
430	429	398	431	462
0.46875	0.40625	0
0.5	0.40625	0
0.5	0.4375	0
0.46875	0.4375	0
431	430	399	432	463
0.5	0.40625	0
0.53125	0.40625	0
0.53125	0.4375	0
0.5	0.4375	0
432	431	400	433	464
0.53125	0.40625	0
0.5625	0.40625	0
0.5625	0.4375	0
0.53125	0.4375	0
433	432	401	434	465
0.5625	0.40625	0
0.59375	0.40625	0
0.59375	0.4375	0
0.5625	0.4375	0
434	433	402	435	466
0.59375	0.40625	0
0.625	0.40625	0
0.625	0.4375	0
0.59375	0.4375	0
435	434	403	436	467
0.625	0.40625	0
0.65625	0.40625	0
0.65625	0.4375	0
0.625	0.4375	0
436	435	404	437	468
0.65625	0.40625	0
0.6875	0.40625	0
0.6875	0.4375	0
0.65625	0.4375	0
437	436	405	438	469
0.6875	0.40625	0
0.71875	0.40625	0
0.71875	0.4375	0
0.6875	0.4375	0
438	437	406	439	470
0.71875	0.40625	0
0.75	0.40625	0
0.75	0.4375	0
0.71875	0.4375	0
439	438	407	440	471
0.75	0.40625	0
0.78125	0.40625	0
0.78125	0.4375	0
0.75	0.4375	0
440	439	408	441	472
0.78125	0.40625	0
0.8125	0.40625	0
0.8125	0.4375	0
0.78125	0.4375	0
441	440	409	442	473
0.8125	0.40625	0
0.84375	0.40625	0
0.84375	0.4375	0
0.8125	0.4375	0
442	441	410	443	474
0.84375	0.40625	0
0.875	0.40625	0
0.875	0.4375	0
0.84375	0.4375	0
443	442	411	444	475
0.875	0.40625	0
0.90625	0.40625	0
0.90625	0.4375	0
0.875	0.4375	0
444	443	412	445	476
0.90625	0.40625	0
0.9375	0.40625	0
0.9375	0.4375	0
0.90625	0.4375	0
445	444	413	446	477
0.9375	0.40625	0
0.96875	0.40625	0
0.96875	0.4375	0
0.9375	0.4375	0
446	445	414	447	478
0.96875	0.40625	0
1	0.40625	0
1	0.4375	0
0.96875	0.4375	0
447	446	415	1069	479
0	0.4375	0
0.03125	0.4375	0
0.03125	0.46875	0
0	0.46875	0
448	1134	416	449	480
0.03125	0.4375	0
0.0625	0.4375	0
0.0625	0.46875	0
0.03125	0.46875	0
449	448	417	450	481
0.0625	0.4375	0
0.09375	0.4375	0
0.09375	0.46875	0
0.0625	0.46875	0
450	449	418	451	482
0.09375	0.4375	0
0.125	0.4375	0
0.125	0.46875	0
0.09375	0.46875	0
451	450	419	452	483
0.125	0.4375	0
0.15625	0.4375	0
0.15625	0.46875	0
0.125	0.46875	0
452	451	420	453	484
0.15625	0.4375	0
0.1875	0.4375	0
0.1875	0.46875	0
0.15625	0.46875	0
453	452	421	454	485
0.1875	0.4375	0
0.21875	0.4375	0
0.21875	0.46875	0
0.1875	0.46875	0
454	453	422	455	486
0.21875	0.4375	0
0.25	0.4375	0
0.25	0.46875	0
0.21875	0.46875	0
455	454	423	456	487
0.25	0.4375	0
0.28125	0.4375	0
0.28125	0.46875	0
0.25	0.46875	0
456	455	424	457	488
0.28125	0.4375	0
0.3125	0.4375	0
0.3125	0.46875	0
0.28125	0.46875	0
457	456	425	458	489
0.3125	0.4375	0
0.34375	0.4375	0
0.34375	0.46875	0
0.3125	0.46875	0
458	457	426	459	490
0.34375	0.4375	0
0.375	0.4375	0
0.375	0.46875	0
0.34375	0.46875	0
459	458	427	460	491
0.375	0.4375	0
0.40625	0.4375	0
0.40625	0.46875	0
0.375	0.46875	0
460	459	428	461	492
0.40625	0.4375	0
0.4375	0.4375	0
0.4375	0.46875	0
0.40625	0.46875	0
461	460	429	462	493
0.4375	0.4375	0
0.46875	0.4375	0
0.46875	0.46875	0
0.4375	0.46875	0
462	461	430	463	494
0.46875	0.4375	0
0.5	0.4375	0
0.5	0.46875	0
0.46875	0.46875	0
463	462	431	464	495
0.5	0.4375	0
0.53125	0.4375	0
0.53125	0.46875	0
0.5	0.46875	0
464	463	432	465	496
0.53125	0.4375	0
0.5625	0.4375	0
0.5625	0.46875	0
0.53125	0.46875	0
465	464	433	466	497
0.5625	0.4375	0
0.59375	0.4375	0
0.59375	0.46875	0
0.5625	0.46875	0
466	465	434	467	498
0.59375	0.4375	0
0.625	0.4375	0
0.625	0.46875	0
0.59375	0.46875	0
467	466	435	468	499
0.625	0.4375	0
0.65625	0.4375	0
0.65625	0.46875	0
0.625	0.46875	0
468	467	436	469	500
0.65625	0.4375	0
0.6875	0.4375	0
0.6875	0.46875	0
0.65625	0.46875	0
469	468	437	470	501
0.6875	0.4375	0
0.71875	0.4375	0
0.71875	0.46875	0
0.6875	0.46875	0
470	469	438	471	502
0.71875	0.4375	0
0.75	0.4375	0
0.75	0.46875	0
0.71875	0.46875	0
471	470	439	472	503
0.75	0.4375	0
0.78125	0.4375	0
0.78125	0.46875	0
0.75	0.46875	0
472	471	440	473	504
0.78125	0.4375	0
0.8125	0.4375	0
0.8125	0.46875	0
0.78125	0.46875	0
473	472	441	474	505
0.8125	0.4375	0
0.84375	0.4375	0
0.84375	0.46875	0
0.8125	0.46875	0
474	473	442	475	506
0.84375	0.4375	0
0.875	0.4375	0
0.875	0.46875	0
0.84375	0.46875	0
475	474	443	476	507
0.875	0.4375	0
0.90625	0.4375	0
0.90625	0.46875	0
0.875	0.46875	0
476	475	444	477	508
0.90625	0.4375	0
0.9375	0.4375	0
0.9375	0.46875	0
0.90625	0.46875	0
477	476	445	478	509
0.9375	0.4375	0
0.96875	0.4375	0
0.96875	0.46875	0
0.9375	0.46875	0
478	477	446	479	510
0.96875	0.4375	0
1	0.4375	0
1	0.46875	0
0.96875	0.46875	0
479	478	447	1070	511
0	0.46875	0
0.03125	0.46875	0
0.03125	0.5	0
0	0.5	0
480	1135	448	481	512
0.03125	0.46875	0
0.0625	0.46875	0
0.0625	0.5	0
0.03125	0.5	0
481	480	449	482	513
0.0625	0.46875	0
0.09375	0.46875	0
0.09375	0.5	0
0.0625	0.5	0
482	481	450	483	514
0.09375	0.46875	0
0.125	0.46875	0
0.125	0.5	0
0.09375	0.5	0
483	482	451	484	515
0.125	0.46875	0
0.15625	0.46875	0
0.15625	0.5	0
0.125	0.5	0
484	483	452	485	516
0.15625	0.46875	0
0.1875	0.46875	0
0.1875	0.5	0
0.15625	0.5	0
485	484	453	486	517
0.1875	0.46875	0
0.21875	0.46875	0
0.21875	0.5	0
0.1875	0.5	0
486	485	454	487	518
0.21875	0.46875	0
0.25	0.46875	0
0.25	0.5	0
0.21875	0.5	0
487	486	455	488	519
0.25	0.46875	0
0.28125	0.46875	0
0.28125	0.5	0
0.25	0.5	0
488	487	456	489	520
0.28125	0.46875	0
0.3125	0.46875	0
0.3125	0.5	0
0.28125	0.5	0
489	488	457	490	521
0.3125	0.46875	0
0.34375	0.46875	0
0.34375	0.5	0
0.3125	0.5	0
490	489	458	491	522
0.34375	0.46875	0
0.375	0.46875	0
0.375	0.5	0
0.34375	0.5	0
491	490	459	492	523
0.375	0.46875	0
0.40625	0.46875	0
0.40625	0.5	0
0.375	0.5	0
492	491	460	493	524
0.40625	0.46875	0
0.4375	0.46875	0
0.4375	0.5	0
0.40625	0.5	0
493	492	461	494	525
0.4375	0.46875	0
0.46875	0.46875	0
0.46875	0.5	0
0.4375	0.5	0
494	493	462	495	526
0.46875	0.46875	0
0.5	0.46875	0
0.5	0.5	0
0.46875	0.5	0
495	494	463	496	527
0.5	0.46875	0
0.53125	0.46875	0
0.53125	0.5	0
0.5	0.5	0
496	495	464	497	528
0.53125	0.46875	0
0.5625	0.46875	0
0.5625	0.5	0
0.53125	0.5	0
497	496	465	498	529
0.5625	0.46875	0
0.59375	0.46875	0
0.59375	0.5	0
0.5625	0.5	0
498	497	466	499	530
0.59375	0.46875	0
0.625	0.46875	0
0.625	0.5	0
0.59375	0.5	0
499	498	467	500	531
0.625	0.46875	0
0.65625	0.46875	0
0.65625	0.5	0
0.625	0.5	0
500	499	468	501	532
0.65625	0.46875	0
0.6875	0.46875	0
0.6875	0.5	0
0.65625	0.5	0
501	500	469	502	533
0.6875	0.46875	0
0.71875	0.46875	0
0.71875	0.5	0
0.6875	0.5	0
502	501	470	503	534
0.71875	0.46875	0
0.75	0.46875	0
0.75	0.5	0
0.71875	0.5	0
503	502	471	504	535
0.75	0.46875	0
0.78125	0.46875	0
0.78125	0.5	0
0.75	0.5	0
504	503	472	505	536
0.78125	0.46875	0
0.8125	0.46875	0
0.8125	0.5	0
0.78125	0.5	0
505	504	473	506	537
0.8125	0.46875	0
0.84375	0.46875	0
0.84375	0.5	0
0.8125	0.5	0
506	505	474	507	538
0.84375	0.46875	0
0.875	0.46875	0
0.875	0.5	0
0.84375	0.5	0
507	506	475	508	539
0.875	0.46875	0
0.90625	0.46875	0
0.90625	0.5	0
0.875	0.5	0
508	507	476	509	540
0.90625	0.46875	0
0.9375	0.46875	0
0.9375	0.5	0
0.90625	0.5	0
509	508	477	510	541
0.9375	0.46875	0
0.96875	0.46875	0
0.96875	0.5	0
0.9375	0.5	0
510	509	478	511	542
0.96875	0.46875	0
1	0.46875	0
1	0.5	0
0.96875	0.5	0
511	510	479	1071	543
0	0.5	0
0.03125	0.5	0
0.03125	0.53125	0
0	0.53125	0
512	1136	480	513	544
0.03125	0.5	0
0.0625	0.5	0
0.0625	0.53125	0
0.03125	0.53125	0
513	512	481	514	545
0.0625	0.5	0
0.09375	0.5	0
0.09375	0.53125	0
0.0625	0.53125	0
514	513	482	515	546
0.09375	0.5	0
0.125	0.5	0
0.125	0.53125	0
0.09375	0.53125	0
515	514	483	516	547
0.125	0.5	0
0.15625	0.5	0
0.15625	0.53125	0
0.125	0.53125	0
516	515	484	517	548
0.15625	0.5	0
0.1875	0.5	0
0.1875	0.53125	0
0.15625	0.53125	0
517	516	485	518	549
0.1875	0.5	0
0.21875	0.5	0
0.21875	0.53125	0
0.1875	0.53125	0
518	517	486	519	550
0.21875	0.5	0
0.25	0.5	0
0.25	0.53125	0
0.21875	0.53125	0
519	518	487	520	551
0.25	0.5	0
0.28125	0.5	0
0.28125	0.53125	0
0.25	0.53125	0
520	519	488	521	552
0.28125	0.5	0
0.3125	0.5	0
0.3125	0.53125	0
0.28125	0.53125	0
521	520	489	522	553
0.3125	0.5	0
0.34375	0.5	0
0.34375	0.53125	0
0.3125	0.53125	0
522	521	490	523	554
0.34375	0.5	0
0.375	0.5	0
0.375	0.53125	0
0.34375	0.53125	0
523	522	491	524	555
0.375	0.5	0
0.40625	0.5	0
0.40625	0.53125	0
0.375	0.53125	0
524	523	492	525	556
0.40625	0.5	0
0.4375	0.5	0
0.4375	0.53125	0
0.40625	0.53125	0
525	524	493	526	557
0.4375	0.5	0
0.46875	0.5	0
0.46875	0.53125	0
0.4375	0.53125	0
526	525	494	527	558
0.46875	0.5	0
0.5	0.5	0
0.5	0.53125	0
0.46875	0.53125	0
527	526	495	528	559
0.5	0.5	0
0.53125	0.5	0
0.53125	0.53125	0
0.5	0.53125	0
528	527	496	529	560
0.53125	0.5	0
0.5625	0.5	0
0.5625	0.53125	0
0.53125	0.53125	0
529	528	497	530	561
0.5625	0.5	0
0.59375	0.5	0
0.59375	0.53125	0
0.5625	0.53125	0
530	529	498	531	562
0.59375	0.5	0
0.625	0.5	0
0.625	0.53125	0
0.59375	0.53125	0
531	530	499	532	563
0.625	0.5	0
0.65625	0.5	0
0.65625	0.53125	0
0.625	0.53125	0
532	531	500	533	564
0.65625	0.5	0
0.6875	0.5	0
0.6875	0.53125	0
0.65625	0.53125	0
533	532	501	534	565
0.6875	0.5	0
0.71875	0.5	0
0.71875	0.53125	0
0.6875	0.53125	0
534	533	502	535	566
0.71875	0.5	0
0.75	0.5	0
0.75	0.53125	0
0.71875	0.53125	0
535	534	503	536	567
0.75	0.5	0
0.78125	0.5	0
0.78125	0.53125	0
0.75	0.53125	0
536	535	504	537	568
0.78125	0.5	0
0.8125	0.5	0
0.8125	0.53125	0
0.78125	0.53125	0
537	536	505	538	569
0.8125	0.5	0
0.84375	0.5	0
0.84375	0.53125	0
0.8125	0.53125	0
538	537	506	539	570
0.84375	0.5	0
0.875	0.5	0
0.875	0.53125	0
0.84375	0.53125	0
539	538	507	540	571
0.875	0.5	0
0.90625	0.5	0
0.90625	0.53125	0
0.875	0.53125	0
540	539	508	541	572
0.90625	0.5	0
0.9375	0.5	0
0.9375	0.53125	0
0.90625	0.53125	0
541	540	509	542	573
0.9375	0.5	0
0.96875	0.5	0
0.96875	0.53125	0
0.9375	0.53125	0
542	541	510	543	574
0.96875	0.5	0
1	0.5	0
1	0.53125	0
0.96875	0.53125	0
543	542	511	1072	575
0	0.53125	0
0.03125	0.53125	0
0.03125	0.5625	0
0	0.5625	0
544	1137	512	545	576
0.03125	0.53125	0
0.0625	0.53125	0
0.0625	0.5625	0
0.03125	0.5625	0
545	544	513	546	577
0.0625	0.53125	0
0.09375	0.53125	0
0.09375	0.5625	0
0.0625	0.5625	0
546	545	514	547	578
0.09375	0.53125	0
0.125	0.53125	0
0.125	0.5625	0
0.09375	0.5625	0
547	546	515	548	579
0.125	0.53125	0
0.15625	0.53125	0
0.15625	0.5625	0
0.125	0.5625	0
548	547	516	549	580
0.15625	0.53125	0
0.1875	0.53125	0
0.1875	0.5625	0
0.15625	0.5625	0
549	548	517	550	581
0.1875	0.53125	0
0.21875	0.53125	0
0.21875	0.5625	0
0.1875	0.5625	0
550	549	518	551	582
0.21875	0.53125	0
0.25	0.53125	0
0.25	0.5625	0
0.21875	0.5625	0
551	550	519	552	583
0.25	0.53125	0
0.28125	0.53125	0
0.28125	0.5625	0
0.25	0.5625	0
552	551	520	553	584
0.28125	0.53125	0
0.3125	0.53125	0
0.3125	0.5625	0
0.28125	0.5625	0
553	552	521	554	585
0.3125	0.53125	0
0.34375	0.53125	0
0.34375	0.5625	0
0.3125	0.5625	0
554	553	522	555	586
0.34375	0.53125	0
0.375	0.53125	0
0.375	0.5625	0
0.34375	0.5625	0
555	554	523	556	587
0.375	0.53125	0
0.40625	0.53125	0
0.40625	0.5625	0
0.375	0.5625	0
556	555	524	557	588
0.40625	0.53125	0
0.4375	0.53125	0
0.4375	0.5625	0
0.40625	0.5625	0
557	556	525	558	589
0.4375	0.53125	0
0.46875	0.53125	0
0.46875	0.5625	0
0.4375	0.5625	0
558	557	526	559	590
0.46875	0.53125	0
0.5	0.53125	0
0.5	0.5625	0
0.46875	0.5625	0
559	558	527	560	591
0.5	0.53125	0
0.53125	0.53125	0
0.53125	0.5625	0
0.5	0.5625	0
560	559	528	561	592
0.53125	0.53125	0
0.5625	0.53125	0
0.5625	0.5625	0
0.53125	0.5625	0
561	560	529	562	593
0.5625	0.53125	0
0.59375	0.53125	0
0.59375	0.5625	0
0.5625	0.5625	0
562	561	530	563	594
0.59375	0.53125	0
0.625	0.53125	0
0.625	0.5625	0
0.59375	0.5625	0
563	562	531	564	595
0.625	0.53125	0
0.65625	0.53125	0
0.65625	0.5625	0
0.625	0.5625	0
564	563	532	565	596
0.65625	0.53125	0
0.6875	0.53125	0
0.6875	0.5625	0
0.65625	0.5625	0
565	564	533	566	597
0.6875	0.53125	0
0.71875	0.53125	0
0.71875	0.5625	0
0.6875	0.5625	0
566	565	534	567	598
0.71875	0.53125	0
0.75	0.53125	0
0.75	0.5625	0
0.71875	0.5625	0
567	566	535	568	599
0.75	0.53125	0
0.78125	0.53125	0
0.78125	0.5625	0
0.75	0.5625	0
568	567	536	569	600
0.78125	0.53125	0
0.8125	0.53125	0
0.8125	0.5625	0
0.78125	0.5625	0
569	568	537	570	601
0.8125	0.53125	0
0.84375	0.53125	0
0.84375	0.5625	0
0.8125	0.5625	0
570	569	538	571	602
0.84375	0.53125	0
0.875	0.53125	0
0.875	0.5625	0
0.84375	0.5625	0
571	570	539	572	603
0.875	0.53125	0
0.90625	0.53125	0
0.90625	0.5625	0
0.875	0.5625	0
572	571	540	573	604
0.90625	0.53125	0
0.9375	0.53125	0
0.9375	0.5625	0
0.90625	0.5625	0
573	572	541	574	605
0.9375	0.53125	0
0.96875	0.53125	0
0.96875	0.5625	0
0.9375	0.5625	0
574	573	542	575	606
0.96875	0.53125	0
1	0.53125	0
1	0.5625	0
0.96875	0.5625	0
575	574	543	1073	607
0	0.5625	0
0.03125	0.5625	0
0.03125	0.59375	0
0	0.59375	0
576	1138	544	577	608
0.03125	0.5625	0
0.0625	0.5625	0
0.0625	0.59375	0
0.03125	0.59375	0
577	576	545	578	609
0.0625	0.5625	0
0.09375	0.5625	0
0.09375	0.59375	0
0.0625	0.59375	0
578	577	546	579	610
0.09375	0.5625	0
0.125	0.5625	0
0.125	0.59375	0
0.09375	0.59375	0
579	578	547	580	611
0.125	0.5625	0
0.15625	0.5625	0
0.15625	0.59375	0
0.125	0.59375	0
580	579	548	581	612
0.15625	0.5625	0
0.1875	0.5625	0
0.1875	0.59375	0
0.15625	0.59375	0
581	580	549	582	613
0.1875	0.5625	0
0.21875	0.5625	0
0.21875	0.59375	0
0.1875	0.59375	0
582	581	550	583	614
0.21875	0.5625	0
0.25	0.5625	0
0.25	0.59375	0
0.21875	0.59375	0
583	582	551	584	615
0.25	0.5625	0
0.28125	0.5625	0
0.28125	0.59375	0
0.25	0.59375	0
584	583	552	585	616
0.28125	0.5625	0
0.3125	0.5625	0
0.3125	0.59375	0
0.28125	0.59375	0
585	584	553	586	617
0.3125	0.5625	0
0.34375	0.5625	0
0.34375	0.59375	0
0.3125	0.59375	0
586	585	554	587	618
0.34375	0.5625	0
0.375	0.5625	0
0.375	0.59375	0
0.34375	0.59375	0
587	586	555	588	619
0.375	0.5625	0
0.40625	0.5625	0
0.40625	0.59375	0
0.375	0.59375	0
588	587	556	589	620
0.40625	0.5625	0
0.4375	0.5625	0
0.4375	0.59375	0
0.40625	0.59375	0
589	588	557	590	621
0.4375	0.5625	0
0.46875	0.5625	0
0.46875	0.59375	0
0.4375	0.59375	0
590	589	558	591	622
0.46875	0.5625	0
0.5	0.5625	0
0.5	0.59375	0
0.46875	0.59375	0
591	590	559	592	623
0.5	0.5625	0
0.53125	0.5625	0
0.53125	0.59375	0
0.5	0.59375	0
592	591	560	593	624
0.53125	0.5625	0
0.5625	0.5625	0
0.5625	0.59375	0
0.53125	0.59375	0
593	592	561	594	625
0.5625	0.5625	0
0.59375	0.5625	0
0.59375	0.59375	0
0.5625	0.59375	0
594	593	562	595	626
0.59375	0.5625	0
0.625	0.5625	0
0.625	0.59375	0
0.59375	0.59375	0
595	594	563	596	627
0.625	0.5625	0
0.65625	0.5625	0
0.65625	0.59375	0
0.625	0.59375	0
596	595	564	597	628
0.65625	0.5625	0
0.6875	0.5625	0
0.6875	0.59375	0
0.65625	0.59375	0
597	596	565	598	629
0.6875	0.5625	0
0.71875	0.5625	0
0.71875	0.59375	0
0.6875	0.59375	0
598	597	566	599	630
0.71875	0.5625	0
0.75	0.5625	0
0.75	0.59375	0
0.71875	0.59375	0
599	598	567	600	631
0.75	0.5625	0
0.78125	0.5625	0
0.78125	0.59375	0
0.75	0.59375	0
600	599	568	601	632
0.78125	0.5625	0
0.8125	0.5625	0
0.8125	0.59375	0
0.78125	0.59375	0
601	600	569	602	633
0.8125	0.5625	0
0.84375	0.5625	0
0.84375	0.59375	0
0.8125	0.59375	0
602	601	570	603	634
0.84375	0.5625	0
0.875	0.5625	0
0.875	0.59375	0
0.84375	0.59375	0
603	602	571	604	635
0.875	0.5625	0
0.90625	0.5625	0
0.90625	0.59375	0
0.875	0.59375	0
604	603	572	605	636
0.90625	0.5625	0
0.9375	0.5625	0
0.9375	0.59375	0
0.90625	0.59375	0
605	604	573	606	637
0.9375	0.5625	0
0.96875	0.5625	0
0.96875	0.59375	0
0.9375	0.59375	0
606	605	574	607	638
0.96875	0.5625	0
1	0.5625	0
1	0.59375	0
0.96875	0.59375	0
607	606	575	1074	639
0	0.59375	0
0.03125	0.59375	0
0.03125	0.625	0
0	0.625	0
608	1139	576	609	640
0.03125	0.59375	0
0.0625	0.59375	0
0.0625	0.625	0
0.03125	0.625	0
609	608	577	610	641
0.0625	0.59375	0
0.09375	0.59375	0
0.09375	0.625	0
0.0625	0.625	0
610	609	578	611	642
0.09375	0.59375	0
0.125	0.59375	0
0.125	0.625	0
0.09375	0.625	0
611	610	579	612	643
0.125	0.59375	0
0.15625	0.59375	0
0.15625	0.625	0
0.125	0.625	0
612	611	580	613	644
0.15625	0.59375	0
0.1875	0.59375	0
0.1875	0.625	0
0.15625	0.625	0
613	612	581	614	645
0.1875	0.59375	0
0.21875	0.59375	0
0.21875	0.625	0
0.1875	0.625	0
614	613	582	615	646
0.21875	0.59375	0
0.25	0.59375	0
0.25	0.625	0
0.21875	0.625	0
615	614	583	616	647
0.25	0.59375	0
0.28125	0.59375	0
0.28125	0.625	0
0.25	0.625	0
616	615	584	617	648
0.28125	0.59375	0
0.3125	0.59375	0
0.3125	0.625	0
0.28125	0.625	0
617	616	585	618	649
0.3125	0.59375	0
0.34375	0.59375	0
0.34375	0.625	0
0.3125	0.625	0
618	617	586	619	650
0.34375	0.59375	0
0.375	0.59375	0
0.375	0.625	0
0.34375	0.625	0
619	618	587	620	651
0.375	0.59375	0
0.40625	0.59375	0
0.40625	0.625	0
0.375	0.625	0
620	619	588	621	652
0.40625	0.59375	0
0.4375	0.59375	0
0.4375	0.625	0
0.40625	0.625	0
621	620	589	622	653
0.4375	0.59375	0
0.46875	0.59375	0
0.46875	0.625	0
0.4375	0.625	0
622	621	590	623	654
0.46875	0.59375	0
0.5	0.59375	0
0.5	0.625	0
0.46875	0.625	0
623	622	591	624	655
0.5	0.59375	0
0.53125	0.59375	0
0.53125	0.625	0
0.5	0.625	0
624	623	592	625	656
0.53125	0.59375	0
0.5625	0.59375	0
0.5625	0.625	0
0.53125	0.625	0
625	624	593	626	657
0.5625	0.59375	0
0.59375	0.59375	0
0.59375	0.625	0
0.5625	0.625	0
626	625	594	627	658
0.59375	0.59375	0
0.625	0.59375	0
0.625	0.625	0
0.59375	0.625	0
627	626	595	628	659
0.625	0.59375	0
0.65625	0.59375	0
0.65625	0.625	0
0.625	0.625	0
628	627	596	629	660
0.65625	0.59375	0
0.6875	0.59375	0
0.6875	0.625	0
0.65625	0.625	0
629	628	597	630	661
0.6875	0.59375	0
0.71875	0.59375	0
0.71875	0.625	0
0.6875	0.625	0
630	629	598	631	662
0.71875	0.59375	0
0.75	0.59375	0
0.75	0.625	0
0.71875	0.625	0
631	630	599	632	663
0.75	0.59375	0
0.78125	0.59375	0
0.78125	0.625	0
0.75	0.625	0
632	631	600	633	664
0.78125	0.59375	0
0.8125	0.59375	0
0.8125	0.625	0
0.78125	0.625	0
633	632	601	634	665
0.8125	0.59375	0
0.84375	0.59375	0
0.84375	0.625	0
0.8125	0.625	0
634	633	602	635	666
0.84375	0.59375	0
0.875	0.59375	0
0.875	0.625	0
0.84375	0.625	0
635	634	603	636	667
0.875	0.59375	0
0.90625	0.59375	0
0.90625	0.625	0
0.875	0.625	0
636	635	604	637	668
0.90625	0.59375	0
0.9375	0.59375	0
0.9375	0.625	0
0.90625	0.625	0
637	636	605	638	669
0.9375	0.59375	0
0.96875	0.59375	0
0.96875	0.625	0
0.9375	0.625	0
638	637	606	639	670
0.96875	0.59375	0
1	0.59375	0
1	0.625	0
0.96875	0.625	0
639	638	607	1075	671
0	0.625	0
0.03125	0.625	0
0.03125	0.65625	0
0	0.65625	0
640	1140	608	641	672
0.03125	0.625	0
0.0625	0.625	0
0.0625	0.65625	0
0.03125	0.65625	0
641	640	609	642	673
0.0625	0.625	0
0.09375	0.625	0
0.09375	0.65625	0
0.0625	0.65625	0
642	641	610	643	674
0.09375	0.625	0
0.125	0.625	0
0.125	0.65625	0
0.09375	0.65625	0
643	642	611	644	675
0.125	0.625	0
0.15625	0.625	0
0.15625	0.65625	0
0.125	0.65625	0
644	643	612	645	676
0.15625	0.625	0
0.1875	0.625	0
0.1875	0.65625	0
0.15625	0.65625	0
645	644	613	646	677
0.1875	0.625	0
0.21875	0.625	0
0.21875	0.65625	0
0.1875	0.65625	0
646	645	614	647	678
0.21875	0.625	0
0.25	0.625	0
0.25	0.65625	0
0.21875	0.65625	0
647	646	615	648	679
0.25	0.625	0
0.28125	0.625	0
0.28125	0.65625	0
0.25	0.65625	0
648	647	616	649	680
0.28125	0.625	0
0.3125	0.625	0
0.3125	0.65625	0
0.28125	0.65625	0
649	648	617	650	681
0.3125	0.625	0
0.34375	0.625	0
0.34375	0.65625	0
0.3125	0.65625	0
650	649	618	651	682
0.34375	0.625	0
0.375	0.625	0
0.375	0.65625	0
0.34375	0.65625	0
651	650	619	652	683
0.375	0.625	0
0.40625	0.625	0
0.40625	0.65625	0
0.375	0.65625	0
652	651	620	653	684
0.40625	0.625	0
0.4375	0.625	0
0.4375	0.65625	0
0.40625	0.65625	0
653	652	621	654	685
0.4375	0.625	0
0.46875	0.625	0
0.46875	0.65625	0
0.4375	0.65625	0
654	653	622	655	686
0.46875	0.625	0
0.5	0.625	0
0.5	0.65625	0
0.46875	0.65625	0
655	654	623	656	687
0.5	0.625	0
0.53125	0.625	0
0.53125	0.65625	0
0.5	0.65625	0
656	655	624	657	688
0.53125	0.625	0
0.5625	0.625	0
0.5625	0.65625	0
0.53125	0.65625	0
657	656	625	658	689
0.5625	0.625	0
0.59375	0.625	0
0.59375	0.65625	0
0.5625	0.65625	0
658	657	626	659	690
0.59375	0.625	0
0.625	0.625	0
0.625	0.65625	0
0.59375	0.65625	0
659	658	627	660	691
0.625	0.625	0
0.65625	0.625	0
0.65625	0.65625	0
0.625	0.65625	0
660	659	628	661	692
0.65625	0.625	0
0.6875	0.625	0
0.6875	0.65625	0
0.65625	0.65625	0
661	660	629	662	693
0.6875	0.625	0
0.71875	0.625	0
0.71875	0.65625	0
0.6875	0.65625	0
662	661	630	663	694
0.71875	0.625	0
0.75	0.625	0
0.75	0.65625	0
0.71875	0.65625	0
663	662	631	664	695
0.75	0.625	0
0.78125	0.625	0
0.78125	0.65625	0
0.75	0.65625	0
664	663	632	665	696
0.78125	0.625	0
0.8125	0.625	0
0.8125	0.65625	0
0.78125	0.65625	0
665	664	633	666	697
0.8125	0.625	0
0.84375	0.625	0
0.84375	0.65625	0
0.8125	0.65625	0
666	665	634	667	698
0.84375	0.625	0
0.875	0.625	0
0.875	0.65625	0
0.84375	0.65625	0
667	666	635	668	699
0.875	0.625	0
0.90625	0.625	0
0.90625	0.65625	0
0.875	0.65625	0
668	667	636	669	700
0.90625	0.625	0
0.9375	0.625	0
0.9375	0.65625	0
0.90625	0.65625	0
669	668	637	670	701
0.9375	0.625	0
0.96875	0.625	0
0.96875	0.65625	0
0.9375	0.65625	0
670	669	638	671	702
0.96875	0.625	0
1	0.625	0
1	0.65625	0
0.96875	0.65625	0
671	670	639	1076	703
0	0.65625	0
0.03125	0.65625	0
0.03125	0.6875	0
0	0.6875	0
672	1141	640	673	704
0.03125	0.65625	0
0.0625	0.65625	0
0.0625	0.6875	0
0.03125	0.6875	0
673	672	641	674	705
0.0625	0.65625	0
0.09375	0.65625	0
0.09375	0.6875	0
0.0625	0.6875	0
674	673	642	675	706
0.09375	0.65625	0
0.125	0.65625	0
0.125	0.6875	0
0.09375	0.6875	0
675	674	643	676	707
0.125	0.65625	0
0.15625	0.65625	0
0.15625	0.6875	0
0.125	0.6875	0
676	675	644	677	708
0.15625	0.65625	0
0.1875	0.65625	0
0.1875	0.6875	0
0.15625	0.6875	0
677	676	645	678	709
0.1875	0.65625	0
0.21875	0.65625	0
0.21875	0.6875	0
0.1875	0.6875	0
678	677	646	679	710
0.21875	0.65625	0
0.25	0.65625	0
0.25	0.6875	0
0.21875	0.6875	0
679	678	647	680	711
0.25	0.65625	0
0.28125	0.65625	0
0.28125	0.6875	0
0.25	0.6875	0
680	679	648	681	712
0.28125	0.65625	0
0.3125	0.65625	0
0.3125	0.6875	0
0.28125	0.6875	0
681	680	649	682	713
0.3125	0.65625	0
0.34375	0.65625	0
0.34375	0.6875	0
0.3125	0.6875	0
682	681	650	683	714
0.34375	0.65625	0
0.375	0.65625	0
0.375	0.6875	0
0.34375	0.6875	0
683	682	651	684	715
0.375	0.65625	0
0.40625	0.65625	0
0.40625	0.6875	0
0.375	0.6875	0
684	683	652	685	716
0.40625	0.65625	0
0.4375	0.65625	0
0.4375	0.6875	0
0.40625	0.6875	0
685	684	653	686	717
0.4375	0.65625	0
0.46875	0.65625	0
0.46875	0.6875	0
0.4375	0.6875	0
686	685	654	687	718
0.46875	0.65625	0
0.5	0.65625	0
0.5	0.6875	0
0.46875	0.6875	0
687	686	655	688	719
0.5	0.65625	0
0.53125	0.65625	0
0.53125	0.6875	0
0.5	0.6875	0
688	687	656	689	720
0.53125	0.65625	0
0.5625	0.65625	0
0.5625	0.6875	0
0.53125	0.6875	0
689	688	657	690	721
0.5625	0.65625	0
0.59375	0.65625	0
0.59375	0.6875	0
0.5625	0.6875	0
690	689	658	691	722
0.59375	0.65625	0
0.625	0.65625	0
0.625	0.6875	0
0.59375	0.6875	0
691	690	659	692	723
0.625	0.65625	0
0.65625	0.65625	0
0.65625	0.6875	0
0.625	0.6875	0
692	691	660	693	724
0.65625	0.65625	0
0.6875	0.65625	0
0.6875	0.6875	0
0.65625	0.6875	0
693	692	661	694	725
0.6875	0.65625	0
0.71875	0.65625	0
0.71875	0.6875	0
0.6875	0.6875	0
694	693	662	695	726
0.71875	0.65625	0
0.75	0.65625	0
0.75	0.6875	0
0.71875	0.6875	0
695	694	663	696	727
0.75	0.65625	0
0.78125	0.65625	0
0.78125	0.6875	0
0.75	0.6875	0
696	695	664	697	728
0.78125	0.65625	0
0.8125	0.65625	0
0.8125	0.6875	0
0.78125	0.6875	0
697	696	665	698	729
0.8125	0.65625	0
0.84375	0.65625	0
0.84375	0.6875	0
0.8125	0.6875	0
698	697	666	699	730
0.84375	0.65625	0
0.875	0.65625	0
0.875	0.6875	0
0.84375	0.6875	0
699	698	667	700	731
0.875	0.65625	0
0.90625	0.65625	0
0.90625	0.6875	0
0.875	0.6875	0
700	699	668	701	732
0.90625	0.65625	0
0.9375	0.65625	0
0.9375	0.6875	0
0.90625	0.6875	0
701	700	669	702	733
0.9375	0.65625	0
0.96875	0.65625	0
0.96875	0.6875	0
0.9375	0.6875	0
702	701	670	703	734
0.96875	0.65625	0
1	0.65625	0
1	0.6875	0
0.96875	0.6875	0
703	702	671	1077	735
0	0.6875	0
0.03125	0.6875	0
0.03125	0.71875	0
0	0.71875	0
704	1142	672	705	736
0.03125	0.6875	0
0.0625	0.6875	0
0.0625	0.71875	0
0.03125	0.71875	0
705	704	673	706	737
0.0625	0.6875	0
0.09375	0.6875	0
0.09375	0.71875	0
0.0625	0.71875	0
706	705	674	707	738
0.09375	0.6875	0
0.125	0.6875	0
0.125	0.71875	0
0.09375	0.71875	0
707	706	675	708	739
0.125	0.6875	0
0.15625	0.6875	0
0.15625	0.71875	0
0.125	0.71875	0
708	707	676	709	740
0.15625	0.6875	0
0.1875	0.6875	0
0.1875	0.71875	0
0.15625	0.71875	0
709	708	677	710	741
0.1875	0.6875	0
0.21875	0.6875	0
0.21875	0.71875	0
0.1875	0.71875	0
710	709	678	711	742
0.21875	0.6875	0
0.25	0.6875	0
0.25	0.71875	0
0.21875	0.71875	0
711	710	679	712	743
0.25	0.6875	0
0.28125	0.6875	0
0.28125	0.71875	0
0.25	0.71875	0
712	711	680	713	744
0.28125	0.6875	0
0.3125	0.6875	0
0.3125	0.71875	0
0.28125	0.71875	0
713	712	681	714	745
0.3125	0.6875	0
0.34375	0.6875	0
0.34375	0.71875	0
0.3125	0.71875	0
714	713	682	715	746
0.34375	0.6875	0
0.375	0.6875	0
0.375	0.71875	0
0.34375	0.71875	0
715	714	683	716	747
0.375	0.6875	0
0.40625	0.6875	0
0.40625	0.71875	0
0.375	0.71875	0
716	715	684	717	748
0.40625	0.6875	0
0.4375	0.6875	0
0.4375	0.71875	0
0.40625	0.71875	0
717	716	685	718	749
0.4375	0.6875	0
0.46875	0.6875	0
0.46875	0.71875	0
0.4375	0.71875	0
718	717	686	719	750
0.46875	0.6875	0
0.5	0.6875	0
0.5	0.71875	0
0.46875	0.71875	0
719	718	687	720	751
0.5	0.6875	0
0.53125	0.6875	0
0.53125	0.71875	0
0.5	0.71875	0
720	719	688	721	752
0.53125	0.6875	0
0.5625	0.6875	0
0.5625	0.71875	0
0.53125	0.71875	0
721	720	689	722	753
0.5625	0.6875	0
0.59375	0.6875	0
0.59375	0.71875	0
0.5625	0.71875	0
722	721	690	723	754
0.59375	0.6875	0
0.625	0.6875	0
0.625	0.71875	0
0.59375	0.71875	0
723	722	691	724	755
0.625	0.6875	0
0.65625	0.6875	0
0.65625	0.71875	0
0.625	0.71875	0
724	723	692	725	756
0.65625	0.6875	0
0.6875	0.6875	0
0.6875	0.71875	0
0.65625	0.71875	0
725	724	693	726	757
0.6875	0.6875	0
0.71875	0.6875	0
0.71875	0.71875	0
0.6875	0.71875	0
726	725	694	727	758
0.71875	0.6875	0
0.75	0.6875	0
0.75	0.71875	0
0.71875	0.71875	0
727	726	695	728	759
0.75	0.6875	0
0.78125	0.6875	0
0.78125	0.71875	0
0.75	0.71875	0
728	727	696	729	760
0.78125	0.6875	0
0.8125	0.6875	0
0.8125	0.71875	0
0.78125	0.71875	0
729	728	697	730	761
0.8125	0.6875	0
0.84375	0.6875	0
0.84375	0.71875	0
0.8125	0.71875	0
730	729	698	731	762
0.84375	0.6875	0
0.875	0.6875	0
0.875	0.71875	0
0.84375	0.71875	0
731	730	699	732	763
0.875	0.6875	0
0.90625	0.6875	0
0.90625	0.71875	0
0.875	0.71875	0
732	731	700	733	764
0.90625	0.6875	0
0.9375	0.6875	0
0.9375	0.71875	0
0.90625	0.71875	0
733	732	701	734	765
0.9375	0.6875	0
0.96875	0.6875	0
0.96875	0.71875	0
0.9375	0.71875	0
734	733	702	735	766
0.96875	0.6875	0
1	0.6875	0
1	0.71875	0
0.96875	0.71875	0
735	734	703	1078	767
0	0.71875	0
0.03125	0.71875	0
0.03125	0.75	0
0	0.75	0
736	1143	704	737	768
0.03125	0.71875	0
0.0625	0.71875	0
0.0625	0.75	0
0.03125	0.75	0
737	736	705	738	769
0.0625	0.71875	0
0.09375	0.71875	0
0.09375	0.75	0
0.0625	0.75	0
738	737	706	739	770
0.09375	0.71875	0
0.125	0.71875	0
0.125	0.75	0
0.09375	0.75	0
739	738	707	740	771
0.125	0.71875	0
0.15625	0.71875	0
0.15625	0.75	0
0.125	0.75	0
740	739	708	741	772
0.15625	0.71875	0
0.1875	0.71875	0
0.1875	0.75	0
0.15625	0.75	0
741	740	709	742	773
0.1875	0.71875	0
0.21875	0.71875	0
0.21875	0.75	0
0.1875	0.75	0
742	741	710	743	774
0.21875	0.71875	0
0.25	0.71875	0
0.25	0.75	0
0.21875	0.75	0
743	742	711	744	775
0.25	0.71875	0
0.28125	0.71875	0
0.28125	0.75	0
0.25	0.75	0
744	743	712	745	776
0.28125	0.71875	0
0.3125	0.71875	0
0.3125	0.75	0
0.28125	0.75	0
745	744	713	746	777
0.3125	0.71875	0
0.34375	0.71875	0
0.34375	0.75	0
0.3125	0.75	0
746	745	714	747	778
0.34375	0.71875	0
0.375	0.71875	0
0.375	0.75	0
0.34375	0.75	0
747	746	715	748	779
0.375	0.71875	0
0.40625	0.71875	0
0.40625	0.75	0
0.375	0.75	0
748	747	716	749	780
0.40625	0.71875	0
0.4375	0.71875	0
0.4375	0.75	0
0.40625	0.75	0
749	748	717	750	781
0.4375	0.71875	0
0.46875	0.71875	0
0.46875	0.75	0
0.4375	0.75	0
750	749	718	751	782
0.46875	0.71875	0
0.5	0.71875	0
0.5	0.75	0
0.46875	0.75	0
751	750	719	752	783
0.5	0.71875	0
0.53125	0.71875	0
0.53125	0.75	0
0.5	0.75	0
752	751	720	753	784
0.53125	0.71875	0
0.5625	0.71875	0
0.5625	0.75	0
0.53125	0.75	0
753	752	721	754	785
0.5625	0.71875	0
0.59375	0.71875	0
0.59375	0.75	0
0.5625	0.75	0
754	753	722	755	786
0.59375	0.71875	0
0.625	0.71875	0
0.625	0.75	0
0.59375	0.75	0
755	754	723	756	787
0.625	0.71875	0
0.65625	0.71875	0
0.65625	0.75	0
0.625	0.75	0
756	755	724	757	788
0.65625	0.71875	0
0.6875	0.71875	0
0.6875	0.75	0
0.65625	0.75	0
757	756	725	758	789
0.6875	0.71875	0
0.71875	0.71875	0
0.71875	0.75	0
0.6875	0.75	0
758	757	726	759	790
0.71875	0.71875	0
0.75	0.71875	0
0.75	0.75	0
0.71875	0.75	0
759	758	727	760	791
0.75	0.71875	0
0.78125	0.71875	0
0.78125	0.75	0
0.75	0.75	0
760	759	728	761	792
0.78125	0.71875	0
0.8125	0.71875	0
0.8125	0.75	0
0.78125	0.75	0
761	760	729	762	793
0.8125	0.71875	0
0.84375	0.71875	0
0.84375	0.75	0
0.8125	0.75	0
762	761	730	763	794
0.84375	0.71875	0
0.875	0.71875	0
0.875	0.75	0
0.84375	0.75	0
763	762	731	764	795
0.875	0.71875	0
0.90625	0.71875	0
0.90625	0.75	0
0.875	0.75	0
764	763	732	765	796
0.90625	0.71875	0
0.9375	0.71875	0
0.9375	0.75	0
0.90625	0.75	0
765	764	733	766	797
0.9375	0.71875	0
0.96875	0.71875	0
0.96875	0.75	0
0.9375	0.75	0
766	765	734	767	798
0.96875	0.71875	0
1	0.71875	0
1	0.75	0
0.96875	0.75	0
767	766	735	1079	799
0	0.75	0
0.03125	0.75	0
0.03125	0.78125	0
0	0.78125	0
768	1144	736	769	800
0.03125	0.75	0
0.0625	0.75	0
0.0625	0.78125	0
0.03125	0.78125	0
769	768	737	770	801
0.0625	0.75	0
0.09375	0.75	0
0.09375	0.78125	0
0.0625	0.78125	0
770	769	738	771	802
0.09375	0.75	0
0.125	0.75	0
0.125	0.78125	0
0.09375	0.78125	0
771	770	739	772	803
0.125	0.75	0
0.15625	0.75	0
0.15625	0.78125	0
0.125	0.78125	0
772	771	740	773	804
0.15625	0.75	0
0.1875	0.75	0
0.1875	0.78125	0
0.15625	0.78125	0
773	772	741	774	805
0.1875	0.75	0
0.21875	0.75	0
0.21875	0.78125	0
0.1875	0.78125	0
774	773	742	775	806
0.21875	0.75	0
0.25	0.75	0
0.25	0.78125	0
0.21875	0.78125	0
775	774	743	776	807
0.25	0.75	0
0.28125	0.75	0
0.28125	0.78125	0
0.25	0.78125	0
776	775	744	777	808
0.28125	0.75	0
0.3125	0.75	0
0.3125	0.78125	0
0.28125	0.78125	0
777	776	745	778	809
0.3125	0.75	0
0.34375	0.75	0
0.34375	0.78125	0
0.3125	0.78125	0
778	777	746	779	810
0.34375	0.75	0
0.375	0.75	0
0.375	0.78125	0
0.34375	0.78125	0
779	778	747	780	811
0.375	0.75	0
0.40625	0.75	0
0.40625	0.78125	0
0.375	0.78125	0
780	779	748	781	812
0.40625	0.75	0
0.4375	0.75	0
0.4375	0.78125	0
0.40625	0.78125	0
781	780	749	782	813
0.4375	0.75	0
0.46875	0.75	0
0.46875	0.78125	0
0.4375	0.78125	0
782	781	750	783	814
0.46875	0.75	0
0.5	0.75	0
0.5	0.78125	0
0.46875	0.78125	0
783	782	751	784	815
0.5	0.75	0
0.53125	0.75	0
0.53125	0.78125	0
0.5	0.78125	0
784	783	752	785	816
0.53125	0.75	0
0.5625	0.75	0
0.5625	0.78125	0
0.53125	0.78125	0
785	784	753	786	817
0.5625	0.75	0
0.59375	0.75	0
0.59375	0.78125	0
0.5625	0.78125	0
786	785	754	787	818
0.59375	0.75	0
0.625	0.75	0
0.625	0.78125	0
0.59375	0.78125	0
787	786	755	788	819
0.625	0.75	0
0.65625	0.75	0
0.65625	0.78125	0
0.625	0.78125	0
788	787	756	789	820
0.65625	0.75	0
0.6875	0.75	0
0.6875	0.78125	0
0.65625	0.78125	0
789	788	757	790	821
0.6875	0.75	0
0.71875	0.75	0
0.71875	0.78125	0
0.6875	0.78125	0
790	789	758	791	822
0.71875	0.75	0
0.75	0.75	0
0.75	0.78125	0
0.71875	0.78125	0
791	790	759	792	823
0.75	0.75	0
0.78125	0.75	0
0.78125	0.78125	0
0.75	0.78125	0
792	791	760	793	824
0.78125	0.75	0
0.8125	0.75	0
0.8125	0.78125	0
0.78125	0.78125	0
793	792	761	794	825
0.8125	0.75	0
0.84375	0.75	0
0.84375	0.78125	0
0.8125	0.78125	0
794	793	762	795	826
0.84375	0.75	0
0.875	0.75	0
0.875	0.78125	0
0.84375	0.78125	0
795	794	763	796	827
0.875	0.75	0
0.90625	0.75	0
0.90625	0.78125	0
0.875	0.78125	0
796	795	764	797	828
0.90625	0.75	0
0.9375	0.75	0
0.9375	0.78125	0
0.90625	0.78125	0
797	796	765	798	829
0.9375	0.75	0
0.96875	0.75	0
0.96875	0.78125	0
0.9375	0.78125	0
798	797	766	799	830
0.96875	0.75	0
1	0.75	0
1	0.78125	0
0.96875	0.78125	0
799	798	767	1080	831
0	0.78125	0
0.03125	0.78125	0
0.03125	0.8125	0
0	0.8125	0
800	1145	768	801	832
0.03125	0.78125	0
0.0625	0.78125	0
0.0625	0.8125	0
0.03125	0.8125	0
801	800	769	802	833
0.0625	0.78125	0
0.09375	0.78125	0
0.09375	0.8125	0
0.0625	0.8125	0
802	801	770	803	834
0.09375	0.78125	0
0.125	0.78125	0
0.125	0.8125	0
0.09375	0.8125	0
803	802	771	804	835
0.125	0.78125	0
0.15625	0.78125	0
0.15625	0.8125	0
0.125	0.8125	0
804	803	772	805	836
0.15625	0.78125	0
0.1875	0.78125	0
0.1875	0.8125	0
0.15625	0.8125	0
805	804	773	806	837
0.1875	0.78125	0
0.21875	0.78125	0
0.21875	0.8125	0
0.1875	0.8125	0
806	805	774	807	838
0.21875	0.78125	0
0.25	0.78125	0
0.25	0.8125	0
0.21875	0.8125	0
807	806	775	808	839
0.25	0.78125	0
0.28125	0.78125	0
0.28125	0.8125	0
0.25	0.8125	0
808	807	776	809	840
0.28125	0.78125	0
0.3125	0.78125	0
0.3125	0.8125	0
0.28125	0.8125	0
809	808	777	810	841
0.3125	0.78125	0
0.34375	0.78125	0
0.34375	0.8125	0
0.3125	0.8125	0
810	809	778	811	842
0.34375	0.78125	0
0.375	0.78125	0
0.375	0.8125	0
0.34375	0.8125	0
811	810	779	812	843
0.375	0.78125	0
0.40625	0.78125	0
0.40625	0.8125	0
0.375	0.8125	0
812	811	780	813	844
0.40625	0.78125	0
0.4375	0.78125	0
0.4375	0.8125	0
0.40625	0.8125	0
813	812	781	814	845
0.4375	0.78125	0
0.46875	0.78125	0
0.46875	0.8125	0
0.4375	0.8125	0
814	813	782	815	846
0.46875	0.78125	0
0.5	0.78125	0
0.5	0.8125	0
0.46875	0.8125	0
815	814	783	816	847
0.5	0.78125	0
0.53125	0.78125	0
0.53125	0.8125	0
0.5	0.8125	0
816	815	784	817	848
0.53125	0.78125	0
0.5625	0.78125	0
0.5625	0.8125	0
0.53125	0.8125	0
817	816	785	818	849
0.5625	0.78125	0
0.59375	0.78125	0
0.59375	0.8125	0
0.5625	0.8125	0
818	817	786	819	850
0.59375	0.78125	0
0.625	0.78125	0
0.625	0.8125	0
0.59375	0.8125	0
819	818	787	820	851
0.625	0.78125	0
0.65625	0.78125	0
0.65625	0.8125	0
0.625	0.8125	0
820	819	788	821	852
0.65625	0.78125	0
0.6875	0.78125	0
0.6875	0.8125	0
0.65625	0.8125	0
821	820	789	822	853
0.6875	0.78125	0
0.71875	0.78125	0
0.71875	0.8125	0
0.6875	0.8125	0
822	821	790	823	854
0.71875	0.78125	0
0.75	0.78125	0
0.75	0.8125	0
0.71875	0.8125	0
823	822	791	824	855
0.75	0.78125	0
0.78125	0.78125	0
0.78125	0.8125	0
0.75	0.8125	0
824	823	792	825	856
0.78125	0.78125	0
0.8125	0.78125	0
0.8125	0.8125	0
0.78125	0.8125	0
825	824	793	826	857
0.8125	0.78125	0
0.84375	0.78125	0
0.84375	0.8125	0
0.8125	0.8125	0
826	825	794	827	858
0.84375	0.78125	0
0.875	0.78125	0
0.875	0.8125	0
0.84375	0.8125	0
827	826	795	828	859
0.875	0.78125	0
0.90625	0.78125	0
0.90625	0.8125	0
0.875	0.8125	0
828	827	796	829	860
0.90625	0.78125	0
0.9375	0.78125	0
0.9375	0.8125	0
0.90625	0.8125	0
829	828	797	830	861
0.9375	0.78125	0
0.96875	0.78125	0
0.96875	0.8125	0
0.9375	0.8125	0
830	829	798	831	862
0.96875	0.78125	0
1	0.78125	0
1	0.8125	0
0.96875	0.8125	0
831	830	799	1081	863
0	0.8125	0
0.03125	0.8125	0
0.03125	0.84375	0
0	0.84375	0
832	1146	800	833	864
0.03125	0.8125	0
0.0625	0.8125	0
0.0625	0.84375	0
0.03125	0.84375	0
833	832	801	834	865
0.0625	0.8125	0
0.09375	0.8125	0
0.09375	0.84375	0
0.0625	0.84375	0
834	833	802	835	866
0.09375	0.8125	0
0.125	0.8125	0
0.125	0.84375	0
0.09375	0.84375	0
835	834	803	836	867
0.125	0.8125	0
0.15625	0.8125	0
0.15625	0.84375	0
0.125	0.84375	0
836	835	804	837	868
0.15625	0.8125	0
0.1875	0.8125	0
0.1875	0.84375	0
0.15625	0.84375	0
837	836	805	838	869
0.1875	0.8125	0
0.21875	0.8125	0
0.21875	0.84375	0
0.1875	0.84375	0
838	837	806	839	870
0.21875	0.8125	0
0.25	0.8125	0
0.25	0.84375	0
0.21875	0.84375	0
839	838	807	840	871
0.25	0.8125	0
0.28125	0.8125	0
0.28125	0.84375	0
0.25	0.84375	0
840	839	808	841	872
0.28125	0.8125	0
0.3125	0.8125	0
0.3125	0.84375	0
0.28125	0.84375	0
841	840	809	842	873
0.3125	0.8125	0
0.34375	0.8125	0
0.34375	0.84375	0
0.3125	0.84375	0
842	841	810	843	874
0.34375	0.8125	0
0.375	0.8125	0
0.375	0.84375	0
0.34375	0.84375	0
843	842	811	844	875
0.375	0.8125	0
0.40625	0.8125	0
0.40625	0.84375	0
0.375	0.84375	0
844	843	812	845	876
0.40625	0.8125	0
0.4375	0.8125	0
0.4375	0.84375	0
0.40625	0.84375	0
845	844	813	846	877
0.4375	0.8125	0
0.46875	0.8125	0
0.46875	0.84375	0
0.4375	0.84375	0
846	845	814	847	878
0.46875	0.8125	0
0.5	0.8125	0
0.5	0.84375	0
0.46875	0.84375	0
847	846	815	848	879
0.5	0.8125	0
0.53125	0.8125	0
0.53125	0.84375	0
0.5	0.84375	0
848	847	816	849	880
0.53125	0.8125	0
0.5625	0.8125	0
0.5625	0.84375	0
0.53125	0.84375	0
849	848	817	850	881
0.5625	0.8125	0
0.59375	0.8125	0
0.59375	0.84375	0
0.5625	0.84375	0
850	849	818	851	882
0.59375	0.8125	0
0.625	0.8125	0
0.625	0.84375	0
0.59375	0.84375	0
851	850	819	852	883
0.625	0.8125	0
0.65625	0.8125	0
0.65625	0.84375	0
0.625	0.84375	0
852	851	820	853	884
0.65625	0.8125	0
0.6875	0.8125	0
0.6875	0.84375	0
0.65625	0.84375	0
853	852	821	854	885
0.6875	0.8125	0
0.71875	0.8125	0
0.71875	0.84375	0
0.6875	0.84375	0
854	853	822	855	886
0.71875	0.8125	0
0.75	0.8125	0
0.75	0.84375	0
0.71875	0.84375	0
855	854	823	856	887
0.75	0.8125	0
0.78125	0.8125	0
0.78125	0.84375	0
0.75	0.84375	0
856	855	824	857	888
0.78125	0.8125	0
0.8125	0.8125	0
0.8125	0.84375	0
0.78125	0.84375	0
857	856	825	858	889
0.8125	0.8125	0
0.84375	0.8125	0
0.84375	0.84375	0
0.8125	0.84375	0
858	857	826	859	890
0.84375	0.8125	0
0.875	0.8125	0
0.875	0.84375	0
0.84375	0.84375	0
859	858	827	860	891
0.875	0.8125	0
0.90625	0.8125	0
0.90625	0.84375	0
0.875	0.84375	0
860	859	828	861	892
0.90625	0.8125	0
0.9375	0.8125	0
0.9375	0.84375	0
0.90625	0.84375	0
861	860	829	862	893
0.9375	0.8125	0
0.96875	0.8125	0
0.96875	0.84375	0
0.9375	0.84375	0
862	861	830	863	894
0.96875	0.8125	0
1	0.8125	0
1	0.84375	0
0.96875	0.84375	0
863	862	831	1082	895
0	0.84375	0
0.03125	0.84375	0
0.03125	0.875	0
0	0.875	0
864	1147	832	865	896
0.03125	0.84375	0
0.0625	0.84375	0
0.0625	0.875	0
0.03125	0.875	0
865	864	833	866	897
0.0625	0.84375	0
0.09375	0.84375	0
0.09375	0.875	0
0.0625	0.875	0
866	865	834	867	898
0.09375	0.84375	0
0.125	0.84375	0
0.125	0.875	0
0.09375	0.875	0
867	866	835	868	899
0.125	0.84375	0
0.15625	0.84375	0
0.15625	0.875	0
0.125	0.875	0
868	867	836	869	900
0.15625	0.84375	0
0.1875	0.84375	0
0.1875	0.875	0
0.15625	0.875	0
869	868	837	870	901
0.1875	0.84375	0
0.21875	0.84375	0
0.21875	0.875	0
0.1875	0.875	0
870	869	838	871	902
0.21875	0.84375	0
0.25	0.84375	0
0.25	0.875	0
0.21875	0.875	0
871	870	839	872	903
0.25	0.84375	0
0.28125	0.84375	0
0.28125	0.875	0
0.25	0.875	0
872	871	840	873	904
0.28125	0.84375	0
0.3125	0.84375	0
0.3125	0.875	0
0.28125	0.875	0
873	872	841	874	905
0.3125	0.84375	0
0.34375	0.84375	0
0.34375	0.875	0
0.3125	0.875	0
874	873	842	875	906
0.34375	0.84375	0
0.375	0.84375	0
0.375	0.875	0
0.34375	0.875	0
875	874	843	876	907
0.375	0.84375	0
0.40625	0.84375	0
0.40625	0.875	0
0.375	0.875	0
876	875	844	877	908
0.40625	0.84375	0
0.4375	0.84375	0
0.4375	0.875	0
0.40625	0.875	0
877	876	845	878	909
0.4375	0.84375	0
0.46875	0.84375	0
0.46875	0.875	0
0.4375	0.875	0
878	877	846	879	910
0.46875	0.84375	0
0.5	0.84375	0
0.5	0.875	0
0.46875	0.875	0
879	878	847	880	911
0.5	0.84375	0
0.53125	0.84375	0
0.53125	0.875	0
0.5	0.875	0
880	879	848	881	912
0.53125	0.84375	0
0.5625	0.84375	0
0.5625	0.875	0
0.53125	0.875	0
881	880	849	882	913
0.5625	0.84375	0
0.59375	0.84375	0
0.59375	0.875	0
0.5625	0.875	0
882	881	850	883	914
0.59375	0.84375	0
0.625	0.84375	0
0.625	0.875	0
0.59375	0.875	0
883	882	851	884	915
0.625	0.84375	0
0.65625	0.84375	0
0.65625	0.875	0
0.625	0.875	0
884	883	852	885	916
0.65625	0.84375	0
0.6875	0.84375	0
0.6875	0.875	0
0.65625	0.875	0
885	884	853	886	917
0.6875	0.84375	0
0.71875	0.84375	0
0.71875	0.875	0
0.6875	0.875	0
886	885	854	887	918
0.71875	0.84375	0
0.75	0.84375	0
0.75	0.875	0
0.71875	0.875	0
887	886	855	888	919
0.75	0.84375	0
0.78125	0.84375	0
0.78125	0.875	0
0.75	0.875	0
888	887	856	889	920
0.78125	0.84375	0
0.8125	0.84375	0
0.8125	0.875	0
0.78125	0.875	0
889	888	857	890	921
0.8125	0.84375	0
0.84375	0.84375	0
0.84375	0.875	0
0.8125	0.875	0
890	889	858	891	922
0.84375	0.84375	0
0.875	0.84375	0
0.875	0.875	0
0.84375	0.875	0
891	890	859	892	923
0.875	0.84375	0
0.90625	0.84375	0
0.90625	0.875	0
0.875	0.875	0
892	891	860	893	924
0.90625	0.84375	0
0.9375	0.84375	0
0.9375	0.875	0
0.90625	0.875	0
893	892	861	894	925
0.9375	0.84375	0
0.96875	0.84375	0
0.96875	0.875	0
0.9375	0.875	0
894	893	862	895	926
0.96875	0.84375	0
1	0.84375	0
1	0.875	0
0.96875	0.875	0
895	894	863	1083	927
0	0.875	0
0.03125	0.875	0
0.03125	0.90625	0
0	0.90625	0
896	1148	864	897	928
0.03125	0.875	0
0.0625	0.875	0
0.0625	0.90625	0
0.03125	0.90625	0
897	896	865	898	929
0.0625	0.875	0
0.09375	0.875	0
0.09375	0.90625	0
0.0625	0.90625	0
898	897	866	899	930
0.09375	0.875	0
0.125	0.875	0
0.125	0.90625	0
0.09375	0.90625	0
899	898	867	900	931
0.125	0.875	0
0.15625	0.875	0
0.15625	0.90625	0
0.125	0.90625	0
900	899	868	901	932
0.15625	0.875	0
0.1875	0.875	0
0.1875	0.90625	0
0.15625	0.90625	0
901	900	869	902	933
0.1875	0.875	0
0.21875	0.875	0
0.21875	0.90625	0
0.1875	0.90625	0
902	901	870	903	934
0.21875	0.875	0
0.25	0.875	0
0.25	0.90625	0
0.21875	0.90625	0
903	902	871	904	935
0.25	0.875	0
0.28125	0.875	0
0.28125	0.90625	0
0.25	0.90625	0
904	903	872	905	936
0.28125	0.875	0
0.3125	0.875	0
0.3125	0.90625	0
0.28125	0.90625	0
905	904	873	906	937
0.3125	0.875	0
0.34375	0.875	0
0.34375	0.90625	0
0.3125	0.90625	0
906	905	874	907	938
0.34375	0.875	0
0.375	0.875	0
0.375	0.90625	0
0.34375	0.90625	0
907	906	875	908	939
0.375	0.875	0
0.40625	0.875	0
0.40625	0.90625	0
0.375	0.90625	0
908	907	876	909	940
0.40625	0.875	0
0.4375	0.875	0
0.4375	0.90625	0
0.40625	0.90625	0
909	908	877	910	941
0.4375	0.875	0
0.46875	0.875	0
0.46875	0.90625	0
0.4375	0.90625	0
910	909	878	911	942
0.46875	0.875	0
0.5	0.875	0
0.5	0.90625	0
0.46875	0.90625	0
911	910	879	912	943
0.5	0.875	0
0.53125	0.875	0
0.53125	0.90625	0
0.5	0.90625	0
912	911	880	913	944
0.53125	0.875	0
0.5625	0.875	0
0.5625	0.90625	0
0.53125	0.90625	0
913	912	881	914	945
0.5625	0.875	0
0.59375	0.875	0
0.59375	0.90625	0
0.5625	0.90625	0
914	913	882	915	946
0.59375	0.875	0
0.625	0.875	0
0.625	0.90625	0
0.59375	0.90625	0
915	914	883	916	947
0.625	0.875	0
0.65625	0.875	0
0.65625	0.90625	0
0.625	0.90625	0
916	915	884	917	948
0.65625	0.875	0
0.6875	0.875	0
0.6875	0.90625	0
0.65625	0.90625	0
917	916	885	918	949
0.6875	0.875	0
0.71875	0.875	0
0.71875	0.90625	0
0.6875	0.90625	0
918	917	886	919	950
0.71875	0.875	0
0.75	0.875	0
0.75	0.90625	0
0.71875	0.90625	0
919	918	887	920	951
0.75	0.875	0
0.78125	0.875	0
0.78125	0.90625	0
0.75	0.90625	0
920	919	888	921	952
0.78125	0.875	0
0.8125	0.875	0
0.8125	0.90625	0
0.78125	0.90625	0
921	920	889	922	953
0.8125	0.875	0
0.84375	0.875	0
0.84375	0.90625	0
0.8125	0.90625	0
922	921	890	923	954
0.84375	0.875	0
0.875	0.875	0
0.875	0.90625	0
0.84375	0.90625	0
923	922	891	924	955
0.875	0.875	0
0.90625	0.875	0
0.90625	0.90625	0
0.875	0.90625	0
924	923	892	925	956
0.90625	0.875	0
0.9375	0.875	0
0.9375	0.90625	0
0.90625	0.90625	0
925	924	893	926	957
0.9375	0.875	0
0.96875	0.875	0
0.96875	0.90625	0
0.9375	0.90625	0
926	925	894	927	958
0.96875	0.875	0
1	0.875	0
1	0.90625	0
0.96875	0.90625	0
927	926	895	1084	959
0	0.90625	0
0.03125	0.90625	0
0.03125	0.9375	0
0	0.9375	0
928	1149	896	929	960
0.03125	0.90625	0
0.0625	0.90625	0
0.0625	0.9375	0
0.03125	0.9375	0
929	928	897	930	961
0.0625	0.90625	0
0.09375	0.90625	0
0.09375	0.9375	0
0.0625	0.9375	0
930	929	898	931	962
0.09375	0.90625	0
0.125	0.90625	0
0.125	0.9375	0
0.09375	0.9375	0
931	930	899	932	963
0.125	0.90625	0
0.15625	0.90625	0
0.15625	0.9375	0
0.125	0.9375	0
932	931	900	933	964
0.15625	0.90625	0
0.1875	0.90625	0
0.1875	0.9375	0
0.15625	0.9375	0
933	932	901	934	965
0.1875	0.90625	0
0.21875	0.90625	0
0.21875	0.9375	0
0.1875	0.9375	0
934	933	902	935	966
0.21875	0.90625	0
0.25	0.90625	0
0.25	0.9375	0
0.21875	0.9375	0
935	934	903	936	967
0.25	0.90625	0
0.28125	0.90625	0
0.28125	0.9375	0
0.25	0.9375	0
936	935	904	937	968
0.28125	0.90625	0
0.3125	0.90625	0
0.3125	0.9375	0
0.28125	0.9375	0
937	936	905	938	969
0.3125	0.90625	0
0.34375	0.90625	0
0.34375	0.9375	0
0.3125	0.9375	0
938	937	906	939	970
0.34375	0.90625	0
0.375	0.90625	0
0.375	0.9375	0
0.34375	0.9375	0
939	938	907	940	971
0.375	0.90625	0
0.40625	0.90625	0
0.40625	0.9375	0
0.375	0.9375	0
940	939	908	941	972
0.40625	0.90625	0
0.4375	0.90625	0
0.4375	0.9375	0
0.40625	0.9375	0
941	940	909	942	973
0.4375	0.90625	0
0.46875	0.90625	0
0.46875	0.9375	0
0.4375	0.9375	0
942	941	910	943	974
0.46875	0.90625	0
0.5	0.90625	0
0.5	0.9375	0
0.46875	0.9375	0
943	942	911	944	975
0.5	0.90625	0
0.53125	0.90625	0
0.53125	0.9375	0
0.5	0.9375	0
944	943	912	945	976
0.53125	0.90625	0
0.5625	0.90625	0
0.5625	0.9375	0
0.53125	0.9375	0
945	944	913	946	977
0.5625	0.90625	0
0.59375	0.90625	0
0.59375	0.9375	0
0.5625	0.9375	0
946	945	914	947	978
0.59375	0.90625	0
0.625	0.90625	0
0.625	0.9375	0
0.59375	0.9375	0
947	946	915	948	979
0.625	0.90625	0
0.65625	0.90625	0
0.65625	0.9375	0
0.625	0.9375	0
948	947	916	949	980
0.65625	0.90625	0
0.6875	0.90625	0
0.6875	0.9375	0
0.65625	0.9375	0
949	948	917	950	981
0.6875	0.90625	0
0.71875	0.90625	0
0.71875	0.9375	0
0.6875	0.9375	0
950	949	918	951	982
0.71875	0.90625	0
0.75	0.90625	0
0.75	0.9375	0
0.71875	0.9375	0
951	950	919	952	983
0.75	0.90625	0
0.78125	0.90625	0
0.78125	0.9375	0
0.75	0.9375	0
952	951	920	953	984
0.78125	0.90625	0
0.8125	0.90625	0
0.8125	0.9375	0
0.78125	0.9375	0
953	952	921	954	985
0.8125	0.90625	0
0.84375	0.90625	0
0.84375	0.9375	0
0.8125	0.9375	0
954	953	922	955	986
0.84375	0.90625	0
0.875	0.90625	0
0.875	0.9375	0
0.84375	0.9375	0
955	954	923	956	987
0.875	0.90625	0
0.90625	0.90625	0
0.90625	0.9375	0
0.875	0.9375	0
956	955	924	957	988
0.90625	0.90625	0
0.9375	0.90625	0
0.9375	0.9375	0
0.90625	0.9375	0
957	956	925	958	989
0.9375	0.90625	0
0.96875	0.90625	0
0.96875	0.9375	0
0.9375	0.9375	0
958	957	926	959	990
0.96875	0.90625	0
1	0.90625	0
1	0.9375	0
0.96875	0.9375	0
959	958	927	1085	991
0	0.9375	0
0.03125	0.9375	0
0.03125	0.96875	0
0	0.96875	0
960	1150	928	961	992
0.03125	0.9375	0
0.0625	0.9375	0
0.0625	0.96875	0
0.03125	0.96875	0
961	960	929	962	993
0.0625	0.9375	0
0.09375	0.9375	0
0.09375	0.96875	0
0.0625	0.96875	0
962	961	930	963	994
0.09375	0.9375	0
0.125	0.9375	0
0.125	0.96875	0
0.09375	0.96875	0
963	962	931	964	995
0.125	0.9375	0
0.15625	0.9375	0
0.15625	0.96875	0
0.125	0.96875	0
964	963	932	965	996
0.15625	0.9375	0
0.1875	0.9375	0
0.1875	0.96875	0
0.15625	0.96875	0
965	964	933	966	997
0.1875	0.9375	0
0.21875	0.9375	0
0.21875	0.96875	0
0.1875	0.96875	0
966	965	934	967	998
0.21875	0.9375	0
0.25	0.9375	0
0.25	0.96875	0
0.21875	0.96875	0
967	966	935	968	999
0.25	0.9375	0
0.28125	0.9375	0
0.28125	0.96875	0
0.25	0.96875	0
968	967	936	969	1000
0.28125	0.9375	0
0.3125	0.9375	0
0.3125	0.96875	0
0.28125	0.96875	0
969	968	937	970	1001
0.3125	0.9375	0
0.34375	0.9375	0
0.34375	0.96875	0
0.3125	0.96875	0
970	969	938	971	1002
0.34375	0.9375	0
0.375	0.9375	0
0.375	0.96875	0
0.34375	0.96875	0
971	970	939	972	1003
0.375	0.9375	0
0.40625	0.9375	0
0.40625	0.96875	0
0.375	0.96875	0
972	971	940	973	1004
0.40625	0.9375	0
0.4375	0.9375	0
0.4375	0.96875	0
0.40625	0.96875	0
973	972	941	974	1005
0.4375	0.9375	0
0.46875	0.9375	0
0.46875	0.96875	0
0.4375	0.96875	0
974	973	942	975	1006
0.46875	0.9375	0
0.5	0.9375	0
0.5	0.96875	0
0.46875	0.96875	0
975	974	943	976	1007
0.5	0.9375	0
0.53125	0.9375	0
0.53125	0.96875	0
0.5	0.96875	0
976	975	944	977	1008
0.53125	0.9375	0
0.5625	0.9375	0
0.5625	0.96875	0
0.53125	0.96875	0
977	976	945	978	1009
0.5625	0.9375	0
0.59375	0.9375	0
0.59375	0.96875	0
0.5625	0.96875	0
978	977	946	979	1010
0.59375	0.9375	0
0.625	0.9375	0
0.625	0.96875	0
0.59375	0.96875	0
979	978	947	980	1011
0.625	0.9375	0
0.65625	0.9375	0
0.65625	0.96875	0
0.625	0.96875	0
980	979	948	981	1012
0.65625	0.9375	0
0.6875	0.9375	0
0.6875	0.96875	0
0.65625	0.96875	0
981	980	949	982	1013
0.6875	0.9375	0
0.71875	0.9375	0
0.71875	0.96875	0
0.6875	0.96875	0
982	981	950	983	1014
0.71875	0.9375	0
0.75	0.9375	0
0.75	0.96875	0
0.71875	0.96875	0
983	982	951	984	1015
0.75	0.9375	0
0.78125	0.9375	0
0.78125	0.96875	0
0.75	0.96875	0
984	983	952	985	1016
0.78125	0.9375	0
0.8125	0.9375	0
0.8125	0.96875	0
0.78125	0.96875	0
985	984	953	986	1017
0.8125	0.9375	0
0.84375	0.9375	0
0.84375	0.96875	0
0.8125	0.96875	0
986	985	954	987	1018
0.84375	0.9375	0
0.875	0.9375	0
0.875	0.96875	0
0.84375	0.96875	0
987	986	955	988	1019
0.875	0.9375	0
0.90625	0.9375	0
0.90625	0.96875	0
0.875	0.96875	0
988	987	956	989	1020
0.90625	0.9375	0
0.9375	0.9375	0
0.9375	0.96875	0
0.90625	0.96875	0
989	988	957	990	1021
0.9375	0.9375	0
0.96875	0.9375	0
0.96875	0.96875	0
0.9375	0.96875	0
990	989	958	991	1022
0.96875	0.9375	0
1	0.9375	0
1	0.96875	0
0.96875	0.96875	0
991	990	959	1086	1023
0	0.96875	0
0.03125	0.96875	0
0.03125	1	0
0	1	0
992	1151	960	993	1088
0.03125	0.96875	0
0.0625	0.96875	0
0.0625	1	0
0.03125	1	0
993	992	961	994	1089
0.0625	0.96875	0
0.09375	0.96875	0
0.09375	1	0
0.0625	1	0
994	993	962	995	1090
0.09375	0.96875	0
0.125	0.96875	0
0.125	1	0
0.09375	1	0
995	994	963	996	1091
0.125	0.96875	0
0.15625	0.96875	0
0.15625	1	0
0.125	1	0
996	995	964	997	1092
0.15625	0.96875	0
0.1875	0.96875	0
0.1875	1	0
0.15625	1	0
997	996	965	998	1093
0.1875	0.96875	0
0.21875	0.96875	0
0.21875	1	0
0.1875	1	0
998	997	966	999	1094
0.21875	0.96875	0
0.25	0.96875	0
0.25	1	0
0.21875	1	0
999	998	967	1000	1095
0.25	0.96875	0
0.28125	0.96875	0
0.28125	1	0
0.25	1	0
1000	999	968	1001	1096
0.28125	0.96875	0
0.3125	0.96875	0
0.3125	1	0
0.28125	1	0
1001	1000	969	1002	1097
0.3125	0.96875	0
0.34375	0.96875	0
0.34375	1	0
0.3125	1	0
1002	1001	970	1003	1098
0.34375	0.96875	0
0.375	0.96875	0
0.375	1	0
0.34375	1	0
1003	1002	971	1004	1099
0.375	0.96875	0
0.40625	0.96875	0
0.40625	1	0
0.375	1	0
1004	1003	972	1005	1100
0.40625	0.96875	0
0.4375	0.96875	0
0.4375	1	0
0.40625	1	0
1005	1004	973	1006	1101
0.4375	0.96875	0
0.46875	0.96875	0
0.46875	1	0
0.4375	1	0
1006	1005	974	1007	1102
0.46875	0.96875	0
0.5	0.96875	0
0.5	1	0
0.46875	1	0
1007	1006	975	1008	1103
0.5	0.96875	0
0.53125	0.96875	0
0.53125	1	0
0.5	1	0
1008	1007	976	1009	1104
0.53125	0.96875	0
0.5625	0.96875	0
0.5625	1	0
0.53125	1	0
1009	1008	977	1010	1105
0.5625	0.96875	0
0.59375	0.96875	0
0.59375	1	0
0.5625	1	0
1010	1009	978	1011	1106
0.59375	0.96875	0
0.625	0.96875	0
0.625	1	0
0.59375	1	0
1011	1010	979	1012	1107
0.625	0.96875	0
0.65625	0.96875	0
0.65625	1	0
0.625	1	0
1012	1011	980	1013	1108
0.65625	0.96875	0
0.6875	0.96875	0
0.6875	1	0
0.65625	1	0
1013	1012	981	1014	1109
0.6875	0.96875	0
0.71875	0.96875	0
0.71875	1	0
0.6875	1	0
1014	1013	982	1015	1110
0.71875	0.96875	0
0.75	0.96875	0
0.75	1	0
0.71875	1	0
1015	1014	983	1016	1111
0.75	0.96875	0
0.78125	0.96875	0
0.78125	1	0
0.75	1	0
1016	1015	984	1017	1112
0.78125	0.96875	0
0.8125	0.96875	0
0.8125	1	0
0.78125	1	0
1017	1016	985	1018	1113
0.8125	0.96875	0
0.84375	0.96875	0
0.84375	1	0
0.8125	1	0
1018	1017	986	1019	1114
0.84375	0.96875	0
0.875	0.96875	0
0.875	1	0
0.84375	1	0
1019	1018	987	1020	1115
0.875	0.96875	0
0.90625	0.96875	0
0.90625	1	0
0.875	1	0
1020	1019	988	1021	1116
0.90625	0.96875	0
0.9375	0.96875	0
0.9375	1	0
0.90625	1	0
1021	1020	989	1022	1117
0.9375	0.96875	0
0.96875	0.96875	0
0.96875	1	0
0.9375	1	0
1022	1021	990	1023	1118
0.96875	0.96875	0
1	0.96875	0
1	1	0
0.96875	1	0
1023	1022	991	1087	1119
Inlet_Boundary_Cells	0	32
0	0	1120
32	0	1121
64	0	1122
96	0	1123
128	0	1124
160	0	1125
192	0	1126
224	0	1127
256	0	1128
288	0	1129
320	0	1130
352	0	1131
384	0	1132
416	0	1133
448	0	1134
480	0	1135
512	0	1136
544	0	1137
576	0	1138
608	0	1139
640	0	1140
672	0	1141
704	0	1142
736	0	1143
768	0	1144
800	0	1145
832	0	1146
864	0	1147
896	0	1148
928	0	1149
960	0	1150
992	0	1151
Exit_Boundary_Cells	1	96
0	1	1024
1	1	1025
2	1	1026
3	1	1027
4	1	1028
5	1	1029
6	1	1030
7	1	1031
8	1	1032
9	1	1033
10	1	1034
11	1	1035
12	1	1036
13	1	1037
14	1	1038
15	1	1039
16	1	1040
17	1	1041
18	1	1042
19	1	1043
20	1	1044
21	1	1045
22	1	1046
23	1	1047
24	1	1048
25	1	1049
26	1	1050
27	1	1051
28	1	1052
29	1	1053
30	1	1054
31	2	1056
31	1	1055
63	2	1057
95	2	1058
127	2	1059
159	2	1060
191	2	1061
223	2	1062
255	2	1063
287	2	1064
319	2	1065
351	2	1066
383	2	1067
415	2	1068
447	2	1069
479	2	1070
511	2	1071
543	2	1072
575	2	1073
607	2	1074
639	2	1075
671	2	1076
703	2	1077
735	2	1078
767	2	1079
799	2	1080
831	2	1081
863	2	1082
895	2	1083
927	2	1084
959	2	1085
991	2	1086
992	3	1088
993	3	1089
994	3	1090
995	3	1091
996	3	1092
997	3	1093
998	3	1094
999	3	1095
1000	3	1096
1001	3	1097
1002	3	1098
1003	3	1099
1004	3	1100
1005	3	1101
1006	3	1102
1007	3	1103
1008	3	1104
1009	3	1105
1010	3	1106
1011	3	1107
1012	3	1108
1013	3	1109
1014	3	1110
1015	3	1111
1016	3	1112
1017	3	1113
1018	3	1114
1019	3	1115
1020	3	1116
1021	3	1117
1022	3	1118
1023	2	1087
1023	3	1119
Wall_Boundary_Cells	2	0
Symmetry_Boundary_Cells	3	0
