0
0
9	9
64
0	0	0
0.125	0	0
0.125	0.125	0
0	0.125	0
0	88	64	1	8
0.125	0	0
0.25	0	0
0.25	0.125	0
0.125	0.125	0
1	0	65	2	9
0.25	0	0
0.375	0	0
0.375	0.125	0
0.25	0.125	0
2	1	66	3	10
0.375	0	0
0.5	0	0
0.5	0.125	0
0.375	0.125	0
3	2	67	4	11
0.5	0	0
0.625	0	0
0.625	0.125	0
0.5	0.125	0
4	3	68	5	12
0.625	0	0
0.75	0	0
0.75	0.125	0
0.625	0.125	0
5	4	69	6	13
0.75	0	0
0.875	0	0
0.875	0.125	0
0.75	0.125	0
6	5	70	7	14
0.875	0	0
1	0	0
1	0.125	0
0.875	0.125	0
7	6	71	72	15
0	0.125	0
0.125	0.125	0
0.125	0.25	0
0	0.25	0
8	89	0	9	16
0.125	0.125	0
0.25	0.125	0
0.25	0.25	0
0.125	0.25	0
9	8	1	10	17
0.25	0.125	0
0.375	0.125	0
0.375	0.25	0
0.25	0.25	0
10	9	2	11	18
0.375	0.125	0
0.5	0.125	0
0.5	0.25	0
0.375	0.25	0
11	10	3	12	19
0.5	0.125	0
0.625	0.125	0
0.625	0.25	0
0.5	0.25	0
12	11	4	13	20
0.625	0.125	0
0.75	0.125	0
0.75	0.25	0
0.625	0.25	0
13	12	5	14	21
0.75	0.125	0
0.875	0.125	0
0.875	0.25	0
0.75	0.25	0
14	13	6	15	22
0.875	0.125	0
1	0.125	0
1	0.25	0
0.875	0.25	0
15	14	7	73	23
0	0.25	0
0.125	0.25	0
0.125	0.375	0
0	0.375	0
16	90	8	17	24
0.125	0.25	0
0.25	0.25	0
0.25	0.375	0
0.125	0.375	0
17	16	9	18	25
0.25	0.25	0
0.375	0.25	0
0.375	0.375	0
0.25	0.375	0
18	17	10	19	26
0.375	0.25	0
0.5	0.25	0
0.5	0.375	0
0.375	0.375	0
19	18	11	20	27
0.5	0.25	0
0.625	0.25	0
0.625	0.375	0
0.5	0.375	0
20	19	12	21	28
0.625	0.25	0
0.75	0.25	0
0.75	0.375	0
0.625	0.375	0
21	20	13	22	29
0.75	0.25	0
0.875	0.25	0
0.875	0.375	0
0.75	0.375	0
22	21	14	23	30
0.875	0.25	0
1	0.25	0
1	0.375	0
0.875	0.375	0
23	22	15	74	31
0	0.375	0
0.125	0.375	0
0.125	0.5	0
0	0.5	0
24	91	16	25	32
0.125	0.375	0
0.25	0.375	0
0.25	0.5	0
0.125	0.5	0
25	24	17	26	33
0.25	0.375	0
0.375	0.375	0
0.375	0.5	0
0.25	0.5	0
26	25	18	27	34
0.375	0.375	0
0.5	0.375	0
0.5	0.5	0
0.375	0.5	0
27	26	19	28	35
0.5	0.375	0
0.625	0.375	0
0.625	0.5	0
0.5	0.5	0
28	27	20	29	36
0.625	0.375	0
0.75	0.375	0
0.75	0.5	0
0.625	0.5	0
29	28	21	30	37
0.75	0.375	0
0.875	0.375	0
0.875	0.5	0
0.75	0.5	0
30	29	22	31	38
0.875	0.375	0
1	0.375	0
1	0.5	0
0.875	0.5	0
31	30	23	75	39
0	0.5	0
0.125	0.5	0
0.125	0.625	0
0	0.625	0
32	92	24	33	40
0.125	0.5	0
0.25	0.5	0
0.25	0.625	0
0.125	0.625	0
33	32	25	34	41
0.25	0.5	0
0.375	0.5	0
0.375	0.625	0
0.25	0.625	0
34	33	26	35	42
0.375	0.5	0
0.5	0.5	0
0.5	0.625	0
0.375	0.625	0
35	34	27	36	43
0.5	0.5	0
0.625	0.5	0
0.625	0.625	0
0.5	0.625	0
36	35	28	37	44
0.625	0.5	0
0.75	0.5	0
0.75	0.625	0
0.625	0.625	0
37	36	29	38	45
0.75	0.5	0
0.875	0.5	0
0.875	0.625	0
0.75	0.625	0
38	37	30	39	46
0.875	0.5	0
1	0.5	0
1	0.625	0
0.875	0.625	0
39	38	31	76	47
0	0.625	0
0.125	0.625	0
0.125	0.75	0
0	0.75	0
40	93	32	41	48
0.125	0.625	0
0.25	0.625	0
0.25	0.75	0
0.125	0.75	0
41	40	33	42	49
0.25	0.625	0
0.375	0.625	0
0.375	0.75	0
0.25	0.75	0
42	41	34	43	50
0.375	0.625	0
0.5	0.625	0
0.5	0.75	0
0.375	0.75	0
43	42	35	44	51
0.5	0.625	0
0.625	0.625	0
0.625	0.75	0
0.5	0.75	0
44	43	36	45	52
0.625	0.625	0
0.75	0.625	0
0.75	0.75	0
0.625	0.75	0
45	44	37	46	53
0.75	0.625	0
0.875	0.625	0
0.875	0.75	0
0.75	0.75	0
46	45	38	47	54
0.875	0.625	0
1	0.625	0
1	0.75	0
0.875	0.75	0
47	46	39	77	55
0	0.75	0
0.125	0.75	0
0.125	0.875	0
0	0.875	0
48	94	40	49	56
0.125	0.75	0
0.25	0.75	0
0.25	0.875	0
0.125	0.875	0
49	48	41	50	57
0.25	0.75	0
0.375	0.75	0
0.375	0.875	0
0.25	0.875	0
50	49	42	51	58
0.375	0.75	0
0.5	0.75	0
0.5	0.875	0
0.375	0.875	0
51	50	43	52	59
0.5	0.75	0
0.625	0.75	0
0.625	0.875	0
0.5	0.875	0
52	51	44	53	60
0.625	0.75	0
0.75	0.75	0
0.75	0.875	0
0.625	0.875	0
53	52	45	54	61
0.75	0.75	0
0.875	0.75	0
0.875	0.875	0
0.75	0.875	0
54	53	46	55	62
0.875	0.75	0
1	0.75	0
1	0.875	0
0.875	0.875	0
55	54	47	78	63
0	0.875	0
0.125	0.875	0
0.125	1	0
0	1	0
56	95	48	57	80
0.125	0.875	0
0.25	0.875	0
0.25	1	0
0.125	1	0
57	56	49	58	81
0.25	0.875	0
0.375	0.875	0
0.375	1	0
0.25	1	0
58	57	50	59	82
0.375	0.875	0
0.5	0.875	0
0.5	1	0
0.375	1	0
59	58	51	60	83
0.5	0.875	0
0.625	0.875	0
0.625	1	0
0.5	1	0
60	59	52	61	84
0.625	0.875	0
0.75	0.875	0
0.75	1	0
0.625	1	0
61	60	53	62	85
0.75	0.875	0
0.875	0.875	0
0.875	1	0
0.75	1	0
62	61	54	63	86
0.875	0.875	0
1	0.875	0
1	1	0
0.875	1	0
63	62	55	79	87
Inlet_Boundary_Cells	0	8
0	0	88
8	0	89
16	0	90
24	0	91
32	0	92
40	0	93
48	0	94
56	0	95
Exit_Boundary_Cells	1	24
0	1	64
1	1	65
2	1	66
3	1	67
4	1	68
5	1	69
6	1	70
7	2	72
7	1	71
15	2	73
23	2	74
31	2	75
39	2	76
47	2	77
55	2	78
56	3	80
57	3	81
58	3	82
59	3	83
60	3	84
61	3	85
62	3	86
63	2	79
63	3	87
Wall_Boundary_Cells	2	0
Symmetry_Boundary_Cells	3	0
